1	1
0.00000	0.00000000000000000000
0.00048	0.00000001744858983574
0.00096	0.00000006979432561376
0.00144	0.00000015703710614748
0.00192	0.00000027917676279582
0.00240	0.00000043621305946816
0.00288	0.00000062814569263112
0.00335	0.00000085497429131745
0.00383	0.00000111669841713673
0.00431	0.00000141331756428809
0.00479	0.00000174483115957493
0.00527	0.00000211123856242146
0.00575	0.00000251253906489134
0.00623	0.00000294873189170814
0.00671	0.00000341981620027780
0.00719	0.00000392579108071305
0.00767	0.00000446665555585968
0.00815	0.00000504240858132487
0.00863	0.00000565304904550729
0.00911	0.00000629857576962931
0.00959	0.00000697898750777092
0.01006	0.00000769428294690579
0.01054	0.00000844446070693903
0.01102	0.00000922951934074698
0.01150	0.00001004945733421890
0.01198	0.00001090427310630049
0.01246	0.00001179396500903932
0.01294	0.00001271853132763217
0.01342	0.00001367797028047426
0.01390	0.00001467228001921023
0.01438	0.00001570145862878714
0.01486	0.00001676550412750923
0.01534	0.00001786441446709455
0.01582	0.00001899818753273338
0.01629	0.00002016682114314861
0.01677	0.00002137031305065776
0.01725	0.00002260866094123701
0.01773	0.00002388186243458689
0.01821	0.00002518991508419974
0.01869	0.00002653281637742920
0.01917	0.00002791056373556116
0.01965	0.00002932315451388670
0.02013	0.00003077058600177664
0.02061	0.00003225285542275801
0.02109	0.00003376995993459209
0.02157	0.00003532189662935426
0.02205	0.00003690866253351548
0.02253	0.00003853025460802574
0.02300	0.00004018666974839873
0.02348	0.00004187790478479872
0.02396	0.00004360395648212860
0.02444	0.00004536482154012008
0.02492	0.00004716049659342520
0.02540	0.00004899097821170937
0.02588	0.00005085626289974644
0.02636	0.00005275634709751519
0.02684	0.00005469122718029711
0.02732	0.00005666089945877626
0.02780	0.00005866536017914036
0.02828	0.00006070460552318345
0.02876	0.00006277863160841031
0.02923	0.00006488743448814227
0.02971	0.00006703101015162439
0.03019	0.00006920935452413423
0.03067	0.00007142246346709231
0.03115	0.00007367033277817377
0.03163	0.00007595295819142140
0.03211	0.00007827033537736044
0.03259	0.00008062245994311471
0.03307	0.00008300932743252370
0.03355	0.00008543093332626164
0.03403	0.00008788727304195778
0.03451	0.00009037834193431763
0.03499	0.00009290413529524588
0.03547	0.00009546464835397090
0.03594	0.00009805987627716989
0.03642	0.00010068981416909590
0.03690	0.00010335445707170548
0.03738	0.00010605379996478828
0.03786	0.00010878783776609768
0.03834	0.00011155656533148204
0.03882	0.00011435997745501799
0.03930	0.00011719806886914434
0.03978	0.00012007083424479749
0.04026	0.00012297826819154752
0.04074	0.00012592036525773586
0.04122	0.00012889711993061410
0.04170	0.00013190852663648306
0.04218	0.00013495457974083407
0.04265	0.00013803527354849061
0.04313	0.00014115060230375056
0.04361	0.00014430056019053104
0.04409	0.00014748514133251220
0.04457	0.00015070433979328361
0.04505	0.00015395814957649024
0.04553	0.00015724656462598054
0.04601	0.00016056957882595494
0.04649	0.00016392718600111508
0.04697	0.00016731937991681380
0.04745	0.00017074615427920635
0.04793	0.00017420750273540271
0.04841	0.00017770341887361909
0.04888	0.00018123389622333290
0.04936	0.00018479892825543518
0.04984	0.00018839850838238707
0.05032	0.00019203262995837463
0.05080	0.00019570128627946490
0.05128	0.00019940447058376350
0.05176	0.00020314217605157145
0.05224	0.00020691439580554461
0.05272	0.00021072112291085064
0.05320	0.00021456235037533040
0.05368	0.00021843807114965599
0.05416	0.00022234827812749232
0.05464	0.00022629296414565815
0.05512	0.00023027212198428677
0.05559	0.00023428574436698855
0.05607	0.00023833382396101251
0.05655	0.00024241635337741001
0.05703	0.00024653332517119678
0.05751	0.00025068473184151809
0.05799	0.00025487056583181042
0.05847	0.00025909081952996680
0.05895	0.00026334548526850171
0.05943	0.00026763455532471465
0.05991	0.00027195802192085585
0.06039	0.00027631587722429089
0.06087	0.00028070811334766715
0.06135	0.00028513472234907838
0.06182	0.00028959569623223009
0.06230	0.00029409102694660707
0.06278	0.00029862070638763690
0.06326	0.00030318472639685821
0.06374	0.00030778307876208616
0.06422	0.00031241575521757752
0.06470	0.00031708274744419757
0.06518	0.00032178404706958671
0.06566	0.00032651964566832550
0.06614	0.00033128953476210202
0.06662	0.00033609370581987584
0.06710	0.00034093215025804511
0.06758	0.00034580485944061276
0.06806	0.00035071182467935060
0.06853	0.00035565303723396547
0.06901	0.00036062848831226453
0.06949	0.00036563816907031910
0.06997	0.00037068207061263114
0.07045	0.00037576018399229481
0.07093	0.00038087250021116365
0.07141	0.00038601901022001291
0.07189	0.00039119970491870089
0.07237	0.00039641457515633590
0.07285	0.00040166361173143522
0.07333	0.00040694680539208998
0.07381	0.00041226414683612434
0.07429	0.00041761562671125926
0.07476	0.00042300123561527094
0.07524	0.00042842096409615300
0.07572	0.00043387480265227418
0.07620	0.00043936274173253889
0.07668	0.00044488477173654537
0.07716	0.00045044088301474295
0.07764	0.00045603106586858990
0.07812	0.00046165531055071020
0.07860	0.00046731360726504794
0.07908	0.00047300594616702480
0.07956	0.00047873231736369180
0.08004	0.00048449271091388613
0.08052	0.00049028711682838079
0.08100	0.00049611552507003833
0.08147	0.00050197792555396205
0.08195	0.00050787430814764689
0.08243	0.00051380466267112639
0.08291	0.00051976897889712502
0.08339	0.00052576724655120340
0.08387	0.00053179945531190440
0.08435	0.00053786559481090171
0.08483	0.00054396565463314217
0.08531	0.00055009962431699087
0.08579	0.00055626749335437205
0.08627	0.00056246925119091346
0.08675	0.00056870488722608509
0.08723	0.00057497439081333852
0.08770	0.00058127775126024721
0.08818	0.00058761495782864038
0.08866	0.00059398599973474269
0.08914	0.00060039086614930616
0.08962	0.00060682954619774559
0.09010	0.00061330202896027128
0.09058	0.00061980830347201565
0.09106	0.00062634835872317214
0.09154	0.00063292218365911413
0.09202	0.00063952976718052745
0.09250	0.00064617109814353547
0.09298	0.00065284616535982404
0.09346	0.00065955495759676265
0.09394	0.00066629746357752852
0.09441	0.00067307367198122538
0.09489	0.00067988357144300288
0.09537	0.00068672715055417366
0.09585	0.00069360439786233174
0.09633	0.00070051530187146204
0.09681	0.00070745985104205846
0.09729	0.00071443803379123117
0.09777	0.00072144983849281932
0.09825	0.00072849525347749855
0.09873	0.00073557426703288659
0.09921	0.00074268686740364869
0.09969	0.00074983304279160271
0.10017	0.00075701278135581701
0.10065	0.00076422607121271586
0.10112	0.00077147290043617261
0.10160	0.00077875325705761118
0.10208	0.00078606712906609515
0.10256	0.00079341450440842843
0.10304	0.00080079537098923909
0.10352	0.00080820971667107378
0.10400	0.00081565752927448667
0.10448	0.00082313879657811939
0.10496	0.00083065350631879168
0.10544	0.00083820164619158170
0.10592	0.00084578320384990399
0.10640	0.00085339816690559232
0.10688	0.00086104652292897407
0.10735	0.00086872825944894489
0.10783	0.00087644336395304324
0.10831	0.00088419182388751951
0.10879	0.00089197362665740718
0.10927	0.00089978875962658787
0.10975	0.00090763721011785853
0.11023	0.00091551896541299253
0.11071	0.00092343401275280326
0.11119	0.00093138233933719964
0.11167	0.00093936393232524806
0.11215	0.00094737877883522290
0.11263	0.00095542686594466027
0.11311	0.00096350818069041355
0.11359	0.00097162271006869677
0.11406	0.00097977044103513249
0.11454	0.00098795136050479956
0.11502	0.00099616545535226981
0.11550	0.00100441271241165603
0.11598	0.00101269311847664283
0.11646	0.00102100666030052788
0.11694	0.00102935332459625460
0.11742	0.00103773309803644018
0.11790	0.00104614596725341111
0.11838	0.00105459191883922792
0.11886	0.00106307093934570685
0.11934	0.00107158301528445044
0.11982	0.00108012813312686118
0.12029	0.00108870627930416231
0.12077	0.00109731744020741674
0.12125	0.00110596160218753761
0.12173	0.00111463875155530133
0.12221	0.00112334887458135561
0.12269	0.00113209195749623139
0.12317	0.00114086798649034107
0.12365	0.00114967694771398723
0.12413	0.00115851882727735825
0.12461	0.00116739361125052987
0.12509	0.00117630128566345886
0.12557	0.00118524183650597676
0.12605	0.00119421524972778293
0.12653	0.00120322151123842787
0.12700	0.00121226060690730972
0.12748	0.00122133252256364589
0.12796	0.00123043724399646672
0.12844	0.00123957475695458280
0.12892	0.00124874504714657820
0.12940	0.00125794810024076669
0.12988	0.00126718390186517679
0.13036	0.00127645243760751877
0.13084	0.00128575369301515063
0.13132	0.00129508765359504343
0.13180	0.00130445430481375109
0.13228	0.00131385363209735604
0.13276	0.00132328562083144528
0.13323	0.00133275025636105061
0.13371	0.00134224752399061259
0.13419	0.00135177740898392938
0.13467	0.00136133989656410143
0.13515	0.00137093497191348055
0.13563	0.00138056262017361548
0.13611	0.00139022282644518875
0.13659	0.00139991557578796511
0.13707	0.00140964085322071542
0.13755	0.00141939864372116003
0.13803	0.00142918893222590223
0.13851	0.00143901170363034954
0.13899	0.00144886694278864884
0.13947	0.00145875463451360771
0.13994	0.00146867476357661784
0.14042	0.00147862731470757634
0.14090	0.00148861227259480095
0.14138	0.00149862962188494851
0.14186	0.00150867934718292409
0.14234	0.00151876143305179905
0.14282	0.00152887586401271257
0.14330	0.00153902262454477952
0.14378	0.00154920169908499827
0.14426	0.00155941307202814251
0.14474	0.00156965672772667320
0.14522	0.00157993265049062820
0.14570	0.00159024082458751495
0.14617	0.00160058123424220572
0.14665	0.00161095386363683071
0.14713	0.00162135869691065770
0.14761	0.00163179571815998277
0.14809	0.00164226491143801452
0.14857	0.00165276626075475065
0.14905	0.00166329975007686024
0.14953	0.00167386536332755583
0.15001	0.00168446308438647109
0.15049	0.00169509289708953074
0.15097	0.00170575478522882280
0.15145	0.00171644873255246116
0.15193	0.00172717472276445283
0.15241	0.00173793273952456461
0.15288	0.00174872276644817519
0.15336	0.00175954478710614180
0.15384	0.00177039878502465472
0.15432	0.00178128474368508655
0.15480	0.00179220264652385063
0.15528	0.00180315247693224687
0.15576	0.00181413421825631018
0.15624	0.00182514785379665843
0.15672	0.00183619336680832922
0.15720	0.00184727074050063372
0.15768	0.00185837995803698206
0.15816	0.00186952100253472793
0.15864	0.00188069385706500481
0.15912	0.00189189850465255513
0.15959	0.00190313492827556417
0.16007	0.00191440311086548656
0.16055	0.00192570303530687739
0.16103	0.00193703468443721179
0.16151	0.00194839804104671253
0.16199	0.00195979308787817309
0.16247	0.00197121980762676730
0.16295	0.00198267818293987753
0.16343	0.00199416819641690286
0.16391	0.00200568983060907778
0.16439	0.00201724306801927700
0.16487	0.00202882789110183466
0.16535	0.00204044428226234217
0.16582	0.00205209222385745963
0.16630	0.00206377169819472149
0.16678	0.00207548268753233577
0.16726	0.00208722517407898458
0.16774	0.00209899913999362676
0.16822	0.00211080456738529107
0.16870	0.00212264143831286710
0.16918	0.00213450973478491578
0.16966	0.00214640943875944214
0.17014	0.00215834053214369968
0.17062	0.00217030299679396663
0.17110	0.00218229681451534430
0.17158	0.00219432196706153930
0.17206	0.00220637843613463811
0.17253	0.00221846620338490667
0.17301	0.00223058525041055274
0.17349	0.00224273555875751989
0.17397	0.00225491710991925940
0.17445	0.00226712988533649996
0.17493	0.00227937386639703215
0.17541	0.00229164903443547941
0.17589	0.00230395537073306653
0.17637	0.00231629285651739018
0.17685	0.00232866147296219425
0.17733	0.00234106120118712530
0.17781	0.00235349202225751180
0.17829	0.00236595391718412255
0.17876	0.00237844686692293122
0.17924	0.00239097085237487475
0.17972	0.00240352585438562008
0.18020	0.00241611185374532821
0.18068	0.00242872883118839785
0.18116	0.00244137676739323651
0.18164	0.00245405564298201064
0.18212	0.00246676543852040152
0.18260	0.00247950613451736364
0.18308	0.00249227771142486888
0.18356	0.00250508014963766361
0.18404	0.00251791342949302371
0.18452	0.00253077753127049342
0.18500	0.00254367243519164430
0.18547	0.00255659812141981711
0.18595	0.00256955457005987164
0.18643	0.00258254176115793165
0.18691	0.00259555967470112559
0.18739	0.00260860829061734106
0.18787	0.00262168758877495559
0.18835	0.00263479754898258934
0.18883	0.00264793815098883934
0.18931	0.00266110937448202096
0.18979	0.00267431119908992073
0.19027	0.00268754360437951315
0.19075	0.00270080656985671741
0.19123	0.00271410007496612803
0.19170	0.00272742409909075296
0.19218	0.00274077862155175031
0.19266	0.00275416362160816686
0.19314	0.00276757907845666742
0.19362	0.00278102497123127682
0.19410	0.00279450127900310753
0.19458	0.00280800798078009988
0.19506	0.00282154505550675583
0.19554	0.00283511248206386006
0.19602	0.00284871023926822889
0.19650	0.00286233830587242924
0.19698	0.00287599666056451977
0.19746	0.00288968528196777673
0.19794	0.00290340414864042511
0.19841	0.00291715323907537410
0.19889	0.00293093253169994126
0.19937	0.00294474200487559101
0.19985	0.00295858163689765577
0.20033	0.00297245140599506925
0.20081	0.00298635129033010191
0.20129	0.00300028126799808297
0.20177	0.00301424131702712848
0.20225	0.00302823141537788111
0.20273	0.00304225154094323611
0.20321	0.00305630167154805586
0.20369	0.00307038178494892320
0.20417	0.00308449185883385643
0.20464	0.00309863187082203787
0.20512	0.00311280179846355016
0.20560	0.00312700161923910045
0.20608	0.00314123131055975844
0.20656	0.00315549084976667537
0.20704	0.00316978021413082383
0.20752	0.00318409938085271712
0.20800	0.00319844832706215687
0.20848	0.00321282702981793991
0.20896	0.00322723546610761709
0.20944	0.00324167361284720705
0.20992	0.00325614144688092955
0.21040	0.00327063894498094221
0.21088	0.00328516608384707507
0.21135	0.00329972284010655349
0.21183	0.00331430919031374316
0.21231	0.00332892511094988377
0.21279	0.00334357057842280892
0.21327	0.00335824556906670103
0.21375	0.00337295005914181514
0.21423	0.00338768402483421863
0.21471	0.00340244744225552762
0.21519	0.00341724028744264455
0.21567	0.00343206253635749622
0.21615	0.00344691416488676888
0.21663	0.00346179514884166961
0.21711	0.00347670546395762109
0.21759	0.00349164508589406165
0.21806	0.00350661399023412951
0.21854	0.00352161215248445337
0.21902	0.00353663954807486875
0.21950	0.00355169615235816256
0.21998	0.00356678194060983719
0.22046	0.00358189688802783767
0.22094	0.00359704096973231064
0.22142	0.00361221416076534492
0.22190	0.00362741643609073216
0.22238	0.00364264777059370186
0.22286	0.00365790813908068325
0.22334	0.00367319751627906248
0.22382	0.00368851587683691759
0.22429	0.00370386319532279651
0.22477	0.00371923944622544944
0.22525	0.00373464460395360985
0.22573	0.00375007864283573517
0.22621	0.00376554153711977082
0.22669	0.00378103326097291477
0.22717	0.00379655378848137853
0.22765	0.00381210309365014651
0.22813	0.00382768115040274049
0.22861	0.00384328793258099368
0.22909	0.00385892341394481397
0.22957	0.00387458756817194447
0.23005	0.00389028036885774890
0.23053	0.00390600178951496608
0.23100	0.00392175180357350051
0.23148	0.00393753038438018725
0.23196	0.00395333750519855521
0.23244	0.00396917313920864059
0.23292	0.00398503725950673064
0.23340	0.00400092983910515718
0.23388	0.00401685085093207717
0.23436	0.00403280026783127063
0.23484	0.00404877806256190471
0.23532	0.00406478420779833680
0.23580	0.00408081867612987686
0.23628	0.00409688144006062523
0.23676	0.00411297247200922110
0.23723	0.00412909174430864823
0.23771	0.00414523922920605366
0.23819	0.00416141489886250049
0.23867	0.00417761872535282221
0.23915	0.00419385068066535898
0.23963	0.00421011073670183623
0.24011	0.00422639886527709230
0.24059	0.00424271503811894310
0.24107	0.00425905922686796012
0.24155	0.00427543140307728650
0.24203	0.00429183153821246360
0.24251	0.00430825960365121934
0.24299	0.00432471557068330945
0.24347	0.00434119941051031889
0.24394	0.00435771109424548837
0.24442	0.00437425059291353044
0.24490	0.00439081787745046991
0.24538	0.00440741291870344262
0.24586	0.00442403568743054976
0.24634	0.00444068615430066697
0.24682	0.00445736428989330739
0.24730	0.00447407006469840735
0.24778	0.00449080344911620931
0.24826	0.00450756441345707276
0.24874	0.00452435292794132853
0.24922	0.00454116896269912175
0.24970	0.00455801248777022890
0.25017	0.00457488347310395192
0.25065	0.00459178188855893094
0.25113	0.00460870770390301148
0.25161	0.00462566088881308322
0.25209	0.00464264141287496455
0.25257	0.00465964924558322918
0.25305	0.00467668435634108638
0.25353	0.00469374671446023354
0.25401	0.00471083628916072871
0.25449	0.00472795304957085005
0.25497	0.00474509696472696051
0.25545	0.00476226800357341072
0.25593	0.00477946613496236551
0.25641	0.00479669132765372149
0.25688	0.00481394355031495441
0.25736	0.00483122277152102722
0.25784	0.00484852895975425215
0.25832	0.00486586208340418404
0.25880	0.00488322211076751798
0.25928	0.00490060901004795661
0.25976	0.00491802274935613203
0.26024	0.00493546329670947054
0.26072	0.00495293062003211108
0.26120	0.00497042468715480548
0.26168	0.00498794546581480657
0.26216	0.00500549292365577714
0.26264	0.00502306702822771269
0.26311	0.00504066774698682090
0.26359	0.00505829504729546787
0.26407	0.00507594889642206011
0.26455	0.00509362926154098995
0.26503	0.00511133610973253140
0.26551	0.00512906940798278036
0.26599	0.00514682912318356351
0.26647	0.00516461522213236979
0.26695	0.00518242767153227670
0.26743	0.00520026643799190863
0.26791	0.00521813148802531199
0.26839	0.00523602278805195692
0.26887	0.00525394030439662370
0.26935	0.00527188400328937757
0.26982	0.00528985385086550713
0.27030	0.00530784981316544287
0.27078	0.00532587185613474755
0.27126	0.00534391994562402953
0.27174	0.00536199404738892105
0.27222	0.00538009412709003054
0.27270	0.00539822015029287842
0.27318	0.00541637208246789972
0.27366	0.00543454988899035474
0.27414	0.00545275353514034812
0.27462	0.00547098298610274904
0.27510	0.00548923820696720511
0.27558	0.00550751916272806345
0.27605	0.00552582581828441749
0.27653	0.00554415813844000727
0.27701	0.00556251608790325411
0.27749	0.00558089963128721635
0.27797	0.00559930873310959462
0.27845	0.00561774335779268840
0.27893	0.00563620346966342382
0.27941	0.00565468903295331202
0.27989	0.00567320001179847169
0.28037	0.00569173637023958744
0.28085	0.00571029807222197140
0.28133	0.00572888508159549552
0.28181	0.00574749736211463934
0.28229	0.00576613487743849254
0.28276	0.00578479759113073935
0.28324	0.00580348546665969498
0.28372	0.00582219846739830647
0.28420	0.00584093655662418308
0.28468	0.00585969969751957889
0.28516	0.00587848785317145878
0.28564	0.00589730098657149926
0.28612	0.00591613906061608848
0.28660	0.00593500203810640430
0.28708	0.00595388988174840733
0.28756	0.00597280255415288779
0.28804	0.00599174001783548283
0.28852	0.00601070223521672775
0.28900	0.00602968916862209412
0.28947	0.00604870078028203143
0.28995	0.00606773703233198358
0.29043	0.00608679788681247905
0.29091	0.00610588330566914916
0.29139	0.00612499325075276189
0.29187	0.00614412768381931030
0.29235	0.00616328656653004122
0.29283	0.00618246986045153154
0.29331	0.00620167752705569949
0.29379	0.00622090952771993388
0.29427	0.00624016582372710106
0.29475	0.00625944637626560992
0.29523	0.00627875114642953511
0.29570	0.00629808009521859533
0.29618	0.00631743318353829991
0.29666	0.00633681037219998786
0.29714	0.00635621162192090070
0.29762	0.00637563689332425274
0.29810	0.00639508614693933865
0.29858	0.00641455934320157416
0.29906	0.00643405644245260023
0.29954	0.00645357740494037317
0.30002	0.00647312219081921242
0.30050	0.00649269076014994100
0.30098	0.00651228307289991506
0.30146	0.00653189908894317300
0.30194	0.00655153876806048498
0.30241	0.00657120206993945521
0.30289	0.00659088895417463561
0.30337	0.00661059938026759952
0.30385	0.00663033330762706225
0.30433	0.00665009069556896787
0.30481	0.00666987150331658715
0.30529	0.00668967569000063732
0.30577	0.00670950321465937829
0.30625	0.00672935403623872025
0.30673	0.00674922811359232860
0.30721	0.00676912540548174537
0.30769	0.00678904587057648119
0.30817	0.00680898946745416532
0.30864	0.00682895615460059856
0.30912	0.00684894589040994407
0.30960	0.00686895863318478378
0.31008	0.00688899434113626578
0.31056	0.00690905297238421975
0.31104	0.00692913448495728699
0.31152	0.00694923883679301677
0.31200	0.00696936598573802586
0.31248	0.00698951588954808793
0.31296	0.00700968850588828702
0.31344	0.00702988379233314507
0.31392	0.00705010170636672425
0.31440	0.00707034220538278919
0.31488	0.00709060524668491798
0.31535	0.00711089078748664265
0.31583	0.00713119878491157329
0.31631	0.00715152919599356361
0.31679	0.00717188197767678563
0.31727	0.00719225708681592909
0.31775	0.00721265448017631601
0.31823	0.00723307411443402989
0.31871	0.00725351594617604841
0.31919	0.00727397993190041520
0.31967	0.00729446602801635258
0.32015	0.00731497419084442980
0.32063	0.00733550437661666718
0.32111	0.00735605654147671126
0.32158	0.00737663064147998579
0.32206	0.00739722663259379486
0.32254	0.00741784447069750424
0.32302	0.00743848411158269576
0.32350	0.00745914551095326964
0.32398	0.00747982862442563793
0.32446	0.00750053340752886155
0.32494	0.00752125981570475437
0.32542	0.00754200780430811478
0.32590	0.00756277732860679772
0.32638	0.00758356834378192540
0.32686	0.00760438080492797843
0.32734	0.00762521466705300827
0.32782	0.00764606988507874306
0.32829	0.00766694641384076288
0.32877	0.00768784420808863063
0.32925	0.00770876322248607512
0.32973	0.00772970341161112635
0.33021	0.00775066472995624648
0.33069	0.00777164713192852585
0.33117	0.00779265057184981742
0.33165	0.00781367500395687559
0.33213	0.00783472038240151832
0.33261	0.00785578666125080587
0.33309	0.00787687379448714399
0.33357	0.00789798173600848516
0.33405	0.00791911043962846214
0.33452	0.00794025985907653026
0.33500	0.00796142994799814777
0.33548	0.00798262065995489559
0.33596	0.00800383194842466117
0.33644	0.00802506376680177554
0.33692	0.00804631606839717115
0.33740	0.00806758880643851893
0.33788	0.00808888193407041912
0.33836	0.00811019540435449493
0.33884	0.00813152917026959375
0.33932	0.00815288318471192423
0.33980	0.00817425740049520372
0.34028	0.00819565177035079181
0.34076	0.00821706624692787428
0.34123	0.00823850078279357925
0.34171	0.00825995533043316285
0.34219	0.00828142984225011328
0.34267	0.00830292427056633121
0.34315	0.00832443856762225994
0.34363	0.00834597268557705357
0.34411	0.00836752657650869855
0.34459	0.00838910019241415061
0.34507	0.00841069348520952394
0.34555	0.00843230640673018825
0.34603	0.00845393890873093537
0.34651	0.00847559094288610759
0.34699	0.00849726246078976767
0.34747	0.00851895341395579250
0.34794	0.00854066375381804660
0.34842	0.00856239343173050699
0.34890	0.00858414239896741760
0.34938	0.00860591060672339161
0.34986	0.00862769800611358148
0.35034	0.00864950454817377951
0.35082	0.00867133018386061563
0.35130	0.00869317486405157130
0.35178	0.00871503853954523969
0.35226	0.00873692116106137076
0.35274	0.00875882267924103439
0.35322	0.00878074304464674521
0.35370	0.00880268220776254939
0.35417	0.00882464011899422238
0.35465	0.00884661672866932092
0.35513	0.00886861198703734616
0.35561	0.00889062584426986678
0.35609	0.00891265825046057454
0.35657	0.00893470915562550629
0.35705	0.00895677850970306652
0.35753	0.00897886626255419047
0.35801	0.00900097236396245337
0.35849	0.00902309676363414331
0.35897	0.00904523941119844167
0.35945	0.00906740025620745779
0.35993	0.00908957924813637991
0.36041	0.00911177633638355841
0.36088	0.00913399147027063943
0.36136	0.00915622459904261686
0.36184	0.00917847567186796942
0.36232	0.00920074463783875605
0.36280	0.00922303144597068879
0.36328	0.00924533604520324896
0.36376	0.00926765838439976702
0.36424	0.00928999841234754570
0.36472	0.00931235607775786345
0.36520	0.00933473132926615837
0.36568	0.00935712411543207501
0.36616	0.00937953438473950601
0.36664	0.00940196208559676214
0.36711	0.00942440716633654099
0.36759	0.00944686957521610401
0.36807	0.00946934926041728686
0.36855	0.00949184617004658615
0.36903	0.00951436025213526874
0.36951	0.00953689145463934920
0.36999	0.00955943972543976672
0.37047	0.00958200501234234697
0.37095	0.00960458726307795649
0.37143	0.00962718642530247318
0.37191	0.00964980244659689734
0.37239	0.00967243527446740720
0.37287	0.00969508485634537620
0.37335	0.00971775113958745461
0.37382	0.00974043407147560589
0.37430	0.00976313359921714835
0.37478	0.00978584966994479853
0.37526	0.00980858223071670587
0.37574	0.00983133122851652039
0.37622	0.00985409661025337356
0.37670	0.00987687832276197206
0.37718	0.00989967631280258900
0.37766	0.00992249052706107963
0.37814	0.00994532091214896802
0.37862	0.00996816741460338981
0.37910	0.00999102998088717900
0.37958	0.01001390855738886095
0.38005	0.01003680309042263852
0.38053	0.01005971352622844761
0.38101	0.01008263981097195887
0.38149	0.01010558189074455514
0.38197	0.01012853971156337657
0.38245	0.01015151321937129633
0.38293	0.01017450236003690500
0.38341	0.01019750707935455913
0.38389	0.01022052732304432575
0.38437	0.01024356303675199101
0.38485	0.01026661416604904981
0.38533	0.01028968065643268669
0.38581	0.01031276245332576370
0.38629	0.01033585950207679960
0.38676	0.01035897174795993511
0.38724	0.01038209913617491736
0.38772	0.01040524161184707731
0.38820	0.01042839912002729331
0.38868	0.01045157160569192695
0.38916	0.01047475901374284903
0.38964	0.01049796128900733205
0.39012	0.01052117837623806756
0.39060	0.01054441022011307419
0.39108	0.01056765676523564561
0.39156	0.01059091795613436443
0.39204	0.01061419373726296862
0.39252	0.01063748405300033416
0.39299	0.01066078884765040390
0.39347	0.01068410806544214768
0.39395	0.01070744165052944612
0.39443	0.01073078954699106975
0.39491	0.01075415169883059234
0.39539	0.01077752804997629890
0.39587	0.01080091854428111460
0.39635	0.01082432312552255964
0.39683	0.01084774173740258793
0.39731	0.01087117432354760271
0.39779	0.01089462082750825012
0.39827	0.01091808119275943650
0.39875	0.01094155536270014807
0.39923	0.01096504328065341441
0.39970	0.01098854488986614371
0.40018	0.01101206013350907592
0.40066	0.01103558895467665439
0.40114	0.01105913129638687840
0.40162	0.01108268710158125635
0.40210	0.01110625631312463918
0.40258	0.01112983887380512502
0.40306	0.01115343472633390474
0.40354	0.01117704381334515794
0.40402	0.01120066607739594877
0.40450	0.01122430146096605082
0.40498	0.01124794990645782734
0.40546	0.01127161135619610642
0.40594	0.01129528575242799877
0.40641	0.01131897303732282839
0.40689	0.01134267315297189313
0.40737	0.01136638604138840922
0.40785	0.01139011164450726664
0.40833	0.01141384990418494241
0.40881	0.01143760076219930803
0.40929	0.01146136416024948028
0.40977	0.01148514003995566163
0.41025	0.01150892834285895464
0.41073	0.01153272901042117285
0.41121	0.01155654198402474193
0.41169	0.01158036720497244293
0.41217	0.01160420461448728735
0.41264	0.01162805415371226739
0.41312	0.01165191576371028825
0.41360	0.01167578938546384379
0.41408	0.01169967495987490544
0.41456	0.01172357242776473664
0.41504	0.01174748172987365689
0.41552	0.01177140280686081626
0.41600	0.01179533559930411209
0.41648	0.01181928004769984206
0.41696	0.01184323609246257063
0.41744	0.01186720367392492953
0.41792	0.01189118273233734542
0.41840	0.01191517320786790284
0.41888	0.01193917504060204929
0.41935	0.01196318817054239925
0.41983	0.01198721253760853984
0.42031	0.01201124808163676373
0.42079	0.01203529474237985744
0.42127	0.01205935245950685158
0.42175	0.01208342117260282136
0.42223	0.01210750082116861595
0.42271	0.01213159134462062257
0.42319	0.01215569268229053403
0.42367	0.01217980477342509547
0.42415	0.01220392755718584937
0.42463	0.01222806097264888571
0.42511	0.01225220495880464076
0.42558	0.01227635945455752588
0.42606	0.01230052439872578694
0.42654	0.01232469973004117307
0.42702	0.01234888538714870067
0.42750	0.01237308130860637415
0.42798	0.01239728743288492224
0.42846	0.01242150369836752567
0.42894	0.01244573004334956212
0.42942	0.01246996640603828879
0.42990	0.01249421272455261168
0.43038	0.01251846893692276294
0.43086	0.01254273498109005451
0.43134	0.01256701079490655723
0.43182	0.01259129631613485449
0.43229	0.01261559148244772478
0.43277	0.01263989623142782598
0.43325	0.01266421050056748543
0.43373	0.01268853422726830618
0.43421	0.01271286734884092239
0.43469	0.01273720980250469224
0.43517	0.01276156152538739097
0.43565	0.01278592245452492455
0.43613	0.01281029252686096548
0.43661	0.01283467167924671505
0.43709	0.01285905984844056167
0.43757	0.01288345697110775644
0.43805	0.01290786298382010262
0.43852	0.01293227782305567640
0.43900	0.01295670142519845733
0.43948	0.01298113372653805775
0.43996	0.01300557466326932379
0.44044	0.01303002417149210640
0.44092	0.01305448218721086927
0.44140	0.01307894864633440436
0.44188	0.01310342348467546242
0.44236	0.01312790663795044936
0.44284	0.01315239804177907763
0.44332	0.01317689763168407649
0.44380	0.01320140534309076352
0.44428	0.01322592111132683650
0.44476	0.01325044487162190150
0.44523	0.01327497655910722142
0.44571	0.01329951610881535858
0.44619	0.01332406345567981390
0.44667	0.01334861853453469388
0.44715	0.01337318128011435320
0.44763	0.01339775162705305819
0.44811	0.01342232950988465207
0.44859	0.01344691486304218191
0.44907	0.01347150762085755522
0.44955	0.01349610771756118953
0.45003	0.01352071508728164805
0.45051	0.01354532966404532919
0.45099	0.01356995138177604504
0.45146	0.01359458017429473163
0.45194	0.01361921597531900834
0.45242	0.01364385871846292980
0.45290	0.01366850833723652972
0.45338	0.01369316476504548949
0.45386	0.01371782793519081729
0.45434	0.01374249778086843003
0.45482	0.01376717423516883067
0.45530	0.01379185723107670576
0.45578	0.01381654670147059762
0.45626	0.01384124257912251396
0.45674	0.01386594479669760703
0.45722	0.01389065328675370865
0.45770	0.01391536798174110648
0.45817	0.01394008881400202529
0.45865	0.01396481571577035986
0.45913	0.01398954861917129505
0.45961	0.01401428745622089987
0.46009	0.01403903215882574933
0.46057	0.01406378265878264512
0.46105	0.01408853888777811258
0.46153	0.01411330077738815955
0.46201	0.01413806825907780278
0.46249	0.01416284126420075049
0.46297	0.01418761972399902593
0.46345	0.01421240356960256843
0.46393	0.01423719273202892280
0.46440	0.01426198714218276757
0.46488	0.01428678673085565821
0.46536	0.01431159142872555530
0.46584	0.01433640116635652960
0.46632	0.01436121587419832667
0.46680	0.01438603548258604939
0.46728	0.01441085992173973818
0.46776	0.01443568912176403270
0.46824	0.01446052301264781105
0.46872	0.01448536152426377170
0.46920	0.01451020458636805878
0.46968	0.01453505212860000707
0.47016	0.01455990408048159906
0.47064	0.01458476037141722900
0.47111	0.01460962093069326749
0.47159	0.01463448568747770587
0.47207	0.01465935457081983181
0.47255	0.01468422750964975404
0.47303	0.01470910443277815768
0.47351	0.01473398526889585503
0.47399	0.01475886994657346976
0.47447	0.01478375839426101027
0.47495	0.01480865054028756775
0.47543	0.01483354631286092767
0.47591	0.01485844564006717078
0.47639	0.01488334844987040245
0.47687	0.01490825467011227569
0.47735	0.01493316422851171353
0.47782	0.01495807705266451702
0.47830	0.01498299307004301480
0.47878	0.01500791220799569704
0.47926	0.01503283439374687031
0.47974	0.01505775955439626716
0.48022	0.01508268761691877041
0.48070	0.01510761850816393255
0.48118	0.01513255215485575719
0.48166	0.01515748848359227928
0.48214	0.01518242742084520251
0.48262	0.01520736889295955935
0.48310	0.01523231282615341610
0.48358	0.01525725914651745833
0.48405	0.01528220778001467342
0.48453	0.01530715865248002093
0.48501	0.01533211168962004926
0.48549	0.01535706681701261463
0.48597	0.01538202396010647684
0.48645	0.01540698304422099922
0.48693	0.01543194399454583809
0.48741	0.01545690673614052643
0.48789	0.01548187119393422233
0.48837	0.01550683729272536032
0.48885	0.01553180495718127323
0.48933	0.01555677411183791284
0.48981	0.01558174468109950472
0.49029	0.01560671658923825332
0.49076	0.01563168976039395336
0.49124	0.01565666411857374873
0.49172	0.01568163958765178209
0.49220	0.01570661609136882186
0.49268	0.01573159355333204890
0.49316	0.01575657189701466787
0.49364	0.01578155104575561241
0.49412	0.01580653092275927096
0.49460	0.01583151145109512950
0.49508	0.01585649255369750779
0.49556	0.01588147415336522983
0.49604	0.01590645617276133933
0.49652	0.01593143853441278401
0.49699	0.01595642116071013805
0.49747	0.01598140397390730716
0.49795	0.01600638689612121288
0.49843	0.01603136984933152542
0.49891	0.01605635275538039308
0.49939	0.01608133553597211260
0.49987	0.01610631811267287591
0.50035	0.01613130040691048567
0.50083	0.01615628233997406377
0.50131	0.01618126383301380505
0.50179	0.01620624480704068240
0.50227	0.01623122518292619346
0.50275	0.01625620488140203102
0.50323	0.01628118382305995121
0.50370	0.01630616192835133982
0.50418	0.01633113911758708736
0.50466	0.01635611531093729420
0.50514	0.01638109042843096178
0.50562	0.01640606438995580521
0.50610	0.01643103711525799315
0.50658	0.01645600852394184244
0.50706	0.01648097853546968972
0.50754	0.01650594706916151677
0.50802	0.01653091404419480825
0.50850	0.01655587937960424638
0.50898	0.01658084299428157216
0.50946	0.01660580480697521760
0.50993	0.01663076473629022944
0.51041	0.01665572270068789093
0.51089	0.01668067861848563510
0.51137	0.01670563240785676723
0.51185	0.01673058398683019074
0.51233	0.01675553327329031700
0.51281	0.01678048018497676347
0.51329	0.01680542463948414555
0.51377	0.01683036655426192046
0.51425	0.01685530584661416864
0.51473	0.01688024243369934396
0.51521	0.01690517623253016966
0.51569	0.01693010715997336421
0.51617	0.01695503513274949220
0.51664	0.01697996006743276304
0.51712	0.01700488188045081589
0.51760	0.01702980048808465374
0.51808	0.01705471580646827912
0.51856	0.01707962775158870794
0.51904	0.01710453623928563649
0.51952	0.01712944118525142057
0.52000	0.01715434250503079100
0.52048	0.01717924011402072182
0.52096	0.01720413392747033310
0.52144	0.01722902386048060300
0.52192	0.01725390982800437123
0.52240	0.01727879174484607538
0.52287	0.01730366952566166766
0.52335	0.01732854308495834078
0.52383	0.01735341233709463554
0.52431	0.01737827719628002449
0.52479	0.01740313757657495353
0.52527	0.01742799339189065808
0.52575	0.01745284455598903814
0.52623	0.01747769098248250913
0.52671	0.01750253258483391514
0.52719	0.01752736927635639014
0.52767	0.01755220097021323658
0.52815	0.01757702757941779353
0.52863	0.01760184901683338118
0.52911	0.01762666519517315164
0.52958	0.01765147602699995710
0.53006	0.01767628142472637068
0.53054	0.01770108130061440188
0.53102	0.01772587556677554868
0.53150	0.01775066413517063790
0.53198	0.01777544691760976972
0.53246	0.01780022382575224132
0.53294	0.01782499477110634570
0.53342	0.01784975966502948264
0.53390	0.01787451841872792976
0.53438	0.01789927094325683907
0.53486	0.01792401714952012240
0.53534	0.01794875694827042026
0.53582	0.01797349025010905321
0.53629	0.01799821696548587965
0.53677	0.01802293700469932702
0.53725	0.01804765027789627038
0.53773	0.01807235669507201506
0.53821	0.01809705616607023074
0.53869	0.01812174860058293410
0.53917	0.01814643390815039517
0.53965	0.01817111199816109218
0.54013	0.01819578277985176365
0.54061	0.01822044616230727304
0.54109	0.01824510205446059144
0.54157	0.01826975036509286346
0.54205	0.01829439100283320255
0.54252	0.01831902387615886446
0.54300	0.01834364889339505644
0.54348	0.01836826596271502396
0.54396	0.01839287499214002988
0.54444	0.01841747588953924694
0.54492	0.01844206856262988262
0.54540	0.01846665291897707159
0.54588	0.01849122886599389656
0.54636	0.01851579631094141254
0.54684	0.01854035516092859479
0.54732	0.01856490532291239087
0.54780	0.01858944670369773455
0.54828	0.01861397920993748331
0.54876	0.01863850274813247734
0.54923	0.01866301722463158119
0.54971	0.01868752254563164211
0.55019	0.01871201861717755252
0.55067	0.01873650534516220489
0.55115	0.01876098263532662361
0.55163	0.01878545039325986085
0.55211	0.01880990852439919786
0.55259	0.01883435693402989858
0.55307	0.01885879552728561906
0.55355	0.01888322420914804317
0.55403	0.01890764288444726077
0.55451	0.01893205145786155952
0.55499	0.01895644983391762267
0.55546	0.01898083791699051864
0.55594	0.01900521561130370796
0.55642	0.01902958282092915426
0.55690	0.01905393944978732088
0.55738	0.01907828540164731995
0.55786	0.01910262058012681882
0.55834	0.01912694488869225509
0.55882	0.01915125823065872215
0.55930	0.01917556050919023633
0.55978	0.01919985162729960504
0.56026	0.01922413148784859679
0.56074	0.01924839999354802794
0.56122	0.01927265704695771062
0.56170	0.01929690255048666786
0.56217	0.01932113640639309543
0.56265	0.01934535851678451102
0.56313	0.01936956878361777504
0.56361	0.01939376710869921208
0.56409	0.01941795339368461437
0.56457	0.01944212754007943605
0.56505	0.01946628944923880361
0.56553	0.01949043902236755402
0.56601	0.01951457616052044292
0.56649	0.01953870076460209951
0.56697	0.01956281273536722778
0.56745	0.01958691197342063428
0.56793	0.01961099837921731134
0.56840	0.01963507185306254121
0.56888	0.01965913229511202440
0.56936	0.01968317960537194905
0.56984	0.01970721368369899446
0.57032	0.01973123442980060857
0.57080	0.01975524174323499763
0.57128	0.01977923552341117469
0.57176	0.01980321566958920601
0.57224	0.01982718208088014508
0.57272	0.01985113465624633103
0.57320	0.01987507329450125676
0.57368	0.01989899789430985694
0.57416	0.01992290835418850797
0.57464	0.01994680457250523967
0.57511	0.01997068644747972480
0.57559	0.01999455387718345259
0.57607	0.02001840675953981546
0.57655	0.02004224499232422699
0.57703	0.02006606847316421208
0.57751	0.02008987709953954925
0.57799	0.02011367076878232962
0.57847	0.02013744937807712340
0.57895	0.02016121282446107013
0.57943	0.02018496100482394459
0.57991	0.02020869381590833028
0.58039	0.02023241115430972001
0.58087	0.02025611291647658879
0.58134	0.02027979899871055688
0.58182	0.02030346929716645918
0.58230	0.02032712370785249092
0.58278	0.02035076212663027712
0.58326	0.02037438444921500433
0.58374	0.02039799057117560113
0.58422	0.02042158038793474156
0.58470	0.02044515379476900818
0.58518	0.02046871068680902045
0.58566	0.02049225095903949370
0.58614	0.02051577450629942997
0.58662	0.02053928122328215269
0.58710	0.02056277100453544893
0.58758	0.02058624374446169775
0.58805	0.02060969933731796044
0.58853	0.02063313767721607073
0.58901	0.02065655865812281861
0.58949	0.02067996217385992958
0.58997	0.02070334811810431788
0.59045	0.02072671638438809694
0.59093	0.02075006686609874584
0.59141	0.02077339945647913022
0.59189	0.02079671404862774506
0.59237	0.02082001053549864186
0.59285	0.02084328880990173744
0.59333	0.02086654876450271673
0.59381	0.02088979029182330346
0.59429	0.02091301328424120462
0.59476	0.02093621763399038452
0.59524	0.02095940323316101278
0.59572	0.02098256997369967597
0.59620	0.02100571774740931513
0.59668	0.02102884644594956928
0.59716	0.02105195596083660539
0.59764	0.02107504618344343411
0.59812	0.02109811700499983692
0.59860	0.02112116831659256386
0.59908	0.02114420000916539255
0.59956	0.02116721197351916633
0.60004	0.02119020410031192958
0.60052	0.02121317628005906300
0.60099	0.02123612840313326283
0.60147	0.02125906035976465533
0.60195	0.02128197204004095289
0.60243	0.02130486333390746098
0.60291	0.02132773413116713368
0.60339	0.02135058432148071242
0.60387	0.02137341379436678845
0.60435	0.02139622243920179245
0.60483	0.02141901014522027205
0.60531	0.02144177680151469062
0.60579	0.02146452229703566666
0.60627	0.02148724652059200504
0.60675	0.02150994936085079065
0.60723	0.02153263070633734330
0.60770	0.02155529044543538775
0.60818	0.02157792846638706408
0.60866	0.02160054465729298323
0.60914	0.02162313890611227557
0.60962	0.02164571110066269843
0.61010	0.02166826112862054593
0.61058	0.02169078887752087792
0.61106	0.02171329423475744716
0.61154	0.02173577708758268889
0.61202	0.02175823732310794636
0.61250	0.02178067482830338408
0.61298	0.02180308948999794966
0.61346	0.02182548119487958890
0.61393	0.02184784982949514870
0.61441	0.02187019528025041515
0.61489	0.02189251743341020726
0.61537	0.02191481617509831448
0.61585	0.02193709139129754876
0.61633	0.02195934296784984169
0.61681	0.02198157079045605367
0.61729	0.02200377474467628616
0.61777	0.02202595471592957987
0.61825	0.02204811058949411595
0.61873	0.02207024225050722294
0.61921	0.02209234958396522411
0.61969	0.02211443247472363524
0.62017	0.02213649080749701195
0.62064	0.02215852446685899479
0.62112	0.02218053333724233009
0.62160	0.02220251730293876583
0.62208	0.02222447624809916616
0.62256	0.02224641005673339347
0.62304	0.02226831861271030832
0.62352	0.02229020179975780766
0.62400	0.02231205950146266867
0.62448	0.02233389160127067369
0.62496	0.02235569798248646795
0.62544	0.02237747852827353182
0.62592	0.02239923312165420510
0.62640	0.02242096164550962806
0.62687	0.02244266398257962342
0.62735	0.02246434001546274498
0.62783	0.02248598962661617698
0.62831	0.02250761269835567513
0.62879	0.02252920911285557007
0.62927	0.02255077875214860431
0.62975	0.02257232149812598079
0.63023	0.02259383723253718251
0.63071	0.02261532583699005922
0.63119	0.02263678719295056027
0.63167	0.02265822118174288385
0.63215	0.02267962768454914388
0.63263	0.02270100658240952612
0.63311	0.02272235775622203496
0.63358	0.02274368108674253500
0.63406	0.02276497645458454289
0.63454	0.02278624374021925511
0.63502	0.02280748282397531551
0.63550	0.02282869358603880142
0.63598	0.02284987590645320282
0.63646	0.02287102966511904076
0.63694	0.02289215474179412402
0.63742	0.02291325101609311549
0.63790	0.02293431836748764316
0.63838	0.02295535667530604340
0.63886	0.02297636581873330891
0.63934	0.02299734567681091871
0.63981	0.02301829612843677569
0.64029	0.02303921705236501236
0.64077	0.02306010832720590056
0.64125	0.02308096983142566075
0.64173	0.02310180144334641680
0.64221	0.02312260304114593934
0.64269	0.02314337450285759018
0.64317	0.02316411570637015235
0.64365	0.02318482652942762193
0.64413	0.02320550684962915597
0.64461	0.02322615654442879846
0.64509	0.02324677549113542477
0.64557	0.02326736356691253005
0.64605	0.02328792064877805573
0.64652	0.02330844661360422995
0.64700	0.02332894133811738366
0.64748	0.02334940469889783612
0.64796	0.02336983657237966250
0.64844	0.02339023683485047175
0.64892	0.02341060536245131302
0.64940	0.02343094203117648475
0.64988	0.02345124671687325718
0.65036	0.02347151929524175437
0.65084	0.02349175964183476684
0.65132	0.02351196763205752951
0.65180	0.02353214314116748931
0.65228	0.02355228604427418368
0.65276	0.02357239621633895263
0.65323	0.02359247353217483814
0.65371	0.02361251786644624068
0.65419	0.02363252909366876306
0.65467	0.02365250708820912373
0.65515	0.02367245172428472655
0.65563	0.02369236287596354976
0.65611	0.02371224041716395864
0.65659	0.02373208422165438633
0.65707	0.02375189416305324708
0.65755	0.02377167011482851991
0.65803	0.02379141195029770700
0.65851	0.02381111954262749367
0.65899	0.02383079276483349510
0.65946	0.02385043148978013491
0.65994	0.02387003559018026702
0.66042	0.02388960493859507844
0.66090	0.02390913940743366953
0.66138	0.02392863886895298109
0.66186	0.02394810319525752032
0.66234	0.02396753225829899303
0.66282	0.02398692592987613711
0.66330	0.02400628408163452132
0.66378	0.02402560658506622260
0.66426	0.02404489331150954506
0.66474	0.02406414413214885348
0.66522	0.02408335891801425405
0.66570	0.02410253753998138279
0.66617	0.02412167986877103432
0.66665	0.02414078577494907854
0.66713	0.02415985512892602702
0.66761	0.02417888780095684906
0.66809	0.02419788366114074621
0.66857	0.02421684257942079144
0.66905	0.02423576442558370361
0.66953	0.02425464906925962894
0.67001	0.02427349637992179052
0.67049	0.02429230622688628022
0.67097	0.02431107847931170129
0.67145	0.02432981300619901574
0.67193	0.02434850967639121816
0.67240	0.02436716835857299923
0.67288	0.02438578892127059305
0.67336	0.02440437123285138510
0.67384	0.02442291516152370057
0.67432	0.02444142057533653378
0.67480	0.02445988734217927410
0.67528	0.02447831532978139019
0.67576	0.02449670440571216634
0.67624	0.02451505443738045270
0.67672	0.02453336529203439462
0.67720	0.02455163683676108918
0.67768	0.02456986893848638401
0.67816	0.02458806146397458231
0.67864	0.02460621427982811679
0.67911	0.02462432725248732066
0.67959	0.02464240024823019515
0.68007	0.02466043313317204874
0.68055	0.02467842577326525080
0.68103	0.02469637803429898526
0.68151	0.02471428978189890366
0.68199	0.02473216088152703149
0.68247	0.02474999119848118184
0.68295	0.02476778059789507339
0.68343	0.02478552894473769197
0.68391	0.02480323610381334615
0.68439	0.02482090193976108430
0.68487	0.02483852631705472241
0.68534	0.02485610910000234791
0.68582	0.02487365015274617397
0.68630	0.02489114933926230358
0.68678	0.02490860652336033057
0.68726	0.02492602156868328062
0.68774	0.02494339433870707348
0.68822	0.02496072469674058894
0.68870	0.02497801250592516023
0.68918	0.02499525762923445957
0.68966	0.02501245992947416161
0.69014	0.02502961926928176650
0.69062	0.02504673551112628765
0.69110	0.02506380851730808865
0.69158	0.02508083814995853283
0.69205	0.02509782427103984109
0.69253	0.02511476674234481080
0.69301	0.02513166542549652091
0.69349	0.02514852018194825567
0.69397	0.02516533087298308130
0.69445	0.02518209735971380092
0.69493	0.02519881950308260413
0.69541	0.02521549716386086923
0.69589	0.02523213020264899673
0.69637	0.02524871847987612480
0.69685	0.02526526185579994546
0.69733	0.02528176019050651716
0.69781	0.02529821334391002888
0.69828	0.02531462117575260934
0.69876	0.02533098354560411186
0.69924	0.02534730031286191315
0.69972	0.02536357133675080922
0.70020	0.02537979647632265801
0.70068	0.02539597559045638289
0.70116	0.02541210853785760837
0.70164	0.02542819517705862190
0.70212	0.02544423536641817613
0.70260	0.02546022896412124259
0.70308	0.02547617582817891108
0.70356	0.02549207581642825432
0.70404	0.02550792878653209902
0.70452	0.02552373459597889749
0.70499	0.02553949310208265822
0.70547	0.02555520416198261632
0.70595	0.02557086763264332721
0.70643	0.02558648337085439942
0.70691	0.02560205123323033155
0.70739	0.02561757107621047760
0.70787	0.02563304275605892898
0.70835	0.02564846612886427513
0.70883	0.02566384105053968676
0.70931	0.02567916737682262446
0.70979	0.02569444496327490113
0.71027	0.02570967366528245299
0.71075	0.02572485333805534305
0.71122	0.02573998383662763970
0.71170	0.02575506501585736116
0.71218	0.02577009673042639226
0.71266	0.02578507883484041155
0.71314	0.02580001118342882885
0.71362	0.02581489363034475404
0.71410	0.02582972602956499358
0.71458	0.02584450823488985971
0.71506	0.02585924009994330572
0.71554	0.02587392147817278026
0.71602	0.02588855222284927940
0.71650	0.02590313218706727372
0.71698	0.02591766122374469794
0.71746	0.02593213918562305501
0.71793	0.02594656592526724606
0.71841	0.02596094129506570924
0.71889	0.02597526514723041621
0.71937	0.02598953733379684092
0.71985	0.02600375770662403940
0.72033	0.02601792611739462899
0.72081	0.02603204241761495480
0.72129	0.02604610645861499610
0.72177	0.02606011809154850506
0.72225	0.02607407716739307962
0.72273	0.02608798353695011840
0.72321	0.02610183705084511904
0.72369	0.02611563755952753946
0.72417	0.02612938491327100599
0.72464	0.02614307896217341401
0.72512	0.02615671955615704244
0.72560	0.02617030654496859537
0.72608	0.02618383977817940675
0.72656	0.02619731910518550977
0.72704	0.02621074437520789710
0.72752	0.02622411543729245148
0.72800	0.02623743214031030307
0.72848	0.02625069433295791621
0.72896	0.02626390186375728714
0.72944	0.02627705458105600300
0.72992	0.02629015233302759921
0.73040	0.02630319496767165657
0.73087	0.02631618233281402680
0.73135	0.02632911427610699212
0.73183	0.02634199064502960180
0.73231	0.02635481128688780053
0.73279	0.02636757604881464351
0.73327	0.02638028477777068503
0.73375	0.02639293732054403749
0.73423	0.02640553352375078766
0.73471	0.02641807323383515982
0.73519	0.02643055629706988000
0.73567	0.02644298255955639457
0.73615	0.02645535186722518251
0.73663	0.02646766406583608150
0.73711	0.02647991900097856899
0.73758	0.02649211651807212992
0.73806	0.02650425646236644756
0.73854	0.02651633867894198290
0.73902	0.02652836301271005795
0.73950	0.02654032930841339691
0.73998	0.02655223741062642112
0.74046	0.02656408716375558213
0.74094	0.02657587841203981963
0.74142	0.02658761099955088414
0.74190	0.02659928477019382620
0.74238	0.02661089956770726003
0.74286	0.02662245523566387356
0.74334	0.02663395161747094883
0.74381	0.02664538855637050424
0.74429	0.02665676589544007172
0.74477	0.02666808347759291181
0.74525	0.02667934114557858963
0.74573	0.02669053874198338075
0.74621	0.02670167610923079166
0.74669	0.02671275308958206973
0.74717	0.02672376952513658491
0.74765	0.02673472525783244375
0.74813	0.02674562012944696823
0.74861	0.02675645398159723701
0.74909	0.02676722665574054333
0.74957	0.02677793799317502305
0.75005	0.02678858783504018196
0.75052	0.02679917602231736765
0.75100	0.02680970239583043910
0.75148	0.02682016679624635302
0.75196	0.02683056906407558714
0.75244	0.02684090903967296590
0.75292	0.02685118656323807682
0.75340	0.02686140147481591231
0.75388	0.02687155361429757056
0.75436	0.02688164282142083139
0.75484	0.02689166893577073225
0.75532	0.02690163179678029676
0.75580	0.02691153124373118349
0.75628	0.02692136711575428276
0.75675	0.02693113925183047985
0.75723	0.02694084749079119628
0.75771	0.02695049167131921553
0.75819	0.02696007163194930056
0.75867	0.02696958721106894330
0.75915	0.02697903824691899599
0.75963	0.02698842457759447616
0.76011	0.02699774604104529518
0.76059	0.02700700247507688972
0.76107	0.02701619371735104747
0.76155	0.02702531960538674671
0.76203	0.02703437997656066988
0.76251	0.02704337466810820267
0.76299	0.02705230351712414882
0.76346	0.02706116636056341701
0.76394	0.02706996303524195763
0.76442	0.02707869337783747749
0.76490	0.02708735722489023084
0.76538	0.02709595441280385902
0.76586	0.02710448477784627164
0.76634	0.02711294815615038212
0.76682	0.02712134438371501671
0.76730	0.02712967329640569858
0.76778	0.02713793472995550821
0.76826	0.02714612851996601323
0.76874	0.02715425450190812190
0.76922	0.02716231251112277700
0.76969	0.02717030238282208687
0.77017	0.02717822395209010256
0.77065	0.02718607705388369211
0.77113	0.02719386152303340798
0.77161	0.02720157719424452780
0.77209	0.02720922390209783853
0.77257	0.02721680148105062869
0.77305	0.02722430976543759040
0.77353	0.02723174858947172844
0.77401	0.02723911778724536631
0.77449	0.02724641719273095120
0.77497	0.02725364663978227520
0.77545	0.02726080596213505819
0.77593	0.02726789499340826622
0.77640	0.02727491356710485398
0.77688	0.02728186151661281950
0.77736	0.02728873867520616864
0.77784	0.02729554487604591434
0.77832	0.02730227995218104109
0.77880	0.02730894373654956658
0.77928	0.02731553606197943684
0.77976	0.02732205676118957399
0.78024	0.02732850566679098647
0.78072	0.02733488261128758090
0.78120	0.02734118742707739025
0.78168	0.02734741994645344121
0.78216	0.02735358000160488523
0.78264	0.02735966742461794221
0.78311	0.02736568204747708011
0.78359	0.02737162370206584067
0.78407	0.02737749222016808148
0.78455	0.02738328743346894745
0.78503	0.02738900917355587689
0.78551	0.02739465727191974648
0.78599	0.02740023155995584270
0.78647	0.02740573186896499286
0.78695	0.02741115803015459901
0.78743	0.02741650987463974815
0.78791	0.02742178723344417673
0.78839	0.02742698993750145725
0.78887	0.02743211781765601126
0.78934	0.02743717070466421964
0.78982	0.02744214842919551894
0.79030	0.02744705082183339362
0.79078	0.02745187771307658342
0.79126	0.02745662893334006871
0.79174	0.02746130431295620844
0.79222	0.02746590368217587119
0.79270	0.02747042687116942744
0.79318	0.02747487371002790141
0.79366	0.02747924402876407435
0.79414	0.02748353765731358783
0.79462	0.02748775442553600540
0.79510	0.02749189416321583257
0.79558	0.02749595670006384912
0.79605	0.02749994186571798338
0.79653	0.02750384948974449184
0.79701	0.02750767940163899999
0.79749	0.02751143143082782766
0.79797	0.02751510540666873839
0.79845	0.02751870115845227172
0.79893	0.02752221851540283953
0.79941	0.02752565730667969057
0.79989	0.02752901736137808308
0.80037	0.02753229850853044364
0.80085	0.02753550057710736632
0.80133	0.02753862339601871601
0.80181	0.02754166679411480800
0.80228	0.02754463060018727538
0.80276	0.02754751464297052616
0.80324	0.02755031875114247186
0.80372	0.02755304275332579739
0.80420	0.02755568647808898097
0.80468	0.02755824975394743220
0.80516	0.02756073240936453977
0.80564	0.02756313427275269845
0.80612	0.02756545517247448174
0.80660	0.02756769493684356476
0.80708	0.02756985339412594549
0.80756	0.02757193037254096479
0.80804	0.02757392570026227785
0.80852	0.02757583920541902683
0.80899	0.02757767071609679849
0.80947	0.02757942006033871352
0.80995	0.02758108706614652295
0.81043	0.02758267156148158650
0.81091	0.02758417337426587179
0.81139	0.02758559233238308539
0.81187	0.02758692826367964424
0.81235	0.02758818099596566792
0.81283	0.02758935035701608196
0.81331	0.02759043617457154762
0.81379	0.02759143827633950968
0.81427	0.02759235648999518870
0.81475	0.02759319064318255937
0.81522	0.02759394056351539837
0.81570	0.02759460607857818631
0.81618	0.02759518701592715562
0.81666	0.02759568320309125494
0.81714	0.02759609446757312068
0.81762	0.02759642063684987490
0.81810	0.02759666153837437436
0.81858	0.02759681699957594603
0.81906	0.02759688684786138629
0.81954	0.02759687091061586300
0.82002	0.02759676901520388692
0.82050	0.02759658098897028317
0.82098	0.02759630665924089205
0.82146	0.02759594585332375560
0.82193	0.02759549839850974906
0.82241	0.02759496412207369104
0.82289	0.02759434285127506520
0.82337	0.02759363441335898476
0.82385	0.02759283863555700433
0.82433	0.02759195534508801506
0.82481	0.02759098436915906338
0.82529	0.02758992553496619760
0.82577	0.02758877866969532133
0.82625	0.02758754360052303317
0.82673	0.02758622015461727889
0.82721	0.02758480815913841311
0.82769	0.02758330744123980299
0.82816	0.02758171782806872335
0.82864	0.02758003914676698809
0.82912	0.02757827122447194940
0.82960	0.02757641388831698348
0.83008	0.02757446696543248282
0.83056	0.02757243028294641823
0.83104	0.02757030366798517151
0.83152	0.02756808694767425710
0.83200	0.02756577994913888413
0.83248	0.02756338249950492786
0.83296	0.02756089442589926969
0.83344	0.02755831555545082412
0.83392	0.02755564571529100365
0.83440	0.02755288473255432247
0.83487	0.02755003243437926380
0.83535	0.02754708864790876566
0.83583	0.02754405320029080367
0.83631	0.02754092591867916828
0.83679	0.02753770663023395737
0.83727	0.02753439516212216609
0.83775	0.02753099134151831134
0.83823	0.02752749499560495222
0.83871	0.02752390595157337000
0.83919	0.02752022403662400529
0.83967	0.02751644907796695766
0.84015	0.02751258090282266561
0.84063	0.02750861933842235069
0.84111	0.02750456421200843382
0.84158	0.02750041535083521532
0.84206	0.02749617258216913857
0.84254	0.02749183573328947694
0.84302	0.02748740463148865304
0.84350	0.02748287910407268969
0.84398	0.02747825897836175812
0.84446	0.02747354408169049717
0.84494	0.02746873424140849895
0.84542	0.02746382928488057956
0.84590	0.02745882903948738268
0.84638	0.02745373333262559473
0.84686	0.02744854199170839587
0.84734	0.02744325484416570288
0.84781	0.02743787171744472425
0.84829	0.02743239243901006430
0.84877	0.02742681683634425049
0.84925	0.02742114473694785143
0.84973	0.02741537596833993479
0.85021	0.02740951035805831021
0.85069	0.02740354773365975827
0.85117	0.02739748792272038436
0.85165	0.02739133075283571583
0.85213	0.02738507605162126407
0.85261	0.02737872364671230241
0.85309	0.02737227336576454617
0.85357	0.02736572503645401389
0.85405	0.02735907848647749219
0.85452	0.02735233354355245949
0.85500	0.02734549003541754397
0.85548	0.02733854778983250966
0.85596	0.02733150663457842994
0.85644	0.02732436639745795814
0.85692	0.02731712690629527901
0.85740	0.02730978798893639314
0.85788	0.02730234947324907541
0.85836	0.02729481118712323573
0.85884	0.02728717295847070401
0.85932	0.02727943461522561869
0.85980	0.02727159598534417695
0.86028	0.02726365689680507187
0.86075	0.02725561717760918018
0.86123	0.02724747665577986755
0.86171	0.02723923515936294698
0.86219	0.02723089251642669267
0.86267	0.02722244855506184003
0.86315	0.02721390310338170360
0.86363	0.02720525598952199670
0.86411	0.02719650704164103955
0.86459	0.02718765608791959970
0.86507	0.02717870295656081570
0.86555	0.02716964747579034972
0.86603	0.02716048947385629048
0.86651	0.02715122877902895193
0.86699	0.02714186521960095660
0.86746	0.02713239862388722862
0.86794	0.02712282882022477165
0.86842	0.02711315563697267589
0.86890	0.02710337890251207638
0.86938	0.02709349844524594486
0.86986	0.02708351409359903428
0.87034	0.02707342567601795508
0.87082	0.02706323302097064787
0.87130	0.02705293595694680669
0.87178	0.02704253431245726841
0.87226	0.02703202791603422778
0.87274	0.02702141659623090442
0.87322	0.02701070018162152891
0.87369	0.02699987850080111385
0.87417	0.02698895138238535663
0.87465	0.02697791865501049380
0.87513	0.02696678014733316225
0.87561	0.02695553568803011474
0.87609	0.02694418510579828924
0.87657	0.02693272822935440652
0.87705	0.02692116488743496322
0.87753	0.02690949490879598893
0.87801	0.02689771812221296993
0.87849	0.02688583435648050218
0.87897	0.02687384344041222894
0.87945	0.02686174520284077133
0.87993	0.02684953947261727730
0.88040	0.02683722607861153270
0.88088	0.02682480484971153795
0.88136	0.02681227561482348726
0.88184	0.02679963820287156046
0.88232	0.02678689244279773563
0.88280	0.02677403816356153238
0.88328	0.02676107519413997715
0.88376	0.02674800336352727709
0.88424	0.02673482250073484778
0.88472	0.02672153243479091084
0.88520	0.02670813299474040364
0.88568	0.02669462400964500021
0.88616	0.02668100530858266012
0.88663	0.02666727672064760080
0.88711	0.02665343807495021422
0.88759	0.02663948920061676162
0.88807	0.02662542992678933879
0.88855	0.02661126008262572340
0.88903	0.02659697949729916688
0.88951	0.02658258799999833888
0.88999	0.02656808541992717460
0.89047	0.02655347158630473603
0.89095	0.02653874632836512870
0.89143	0.02652390947535737675
0.89191	0.02650896085654533274
0.89239	0.02649390030120761519
0.89287	0.02647872763863743512
0.89334	0.02646344269814270012
0.89382	0.02644804530904574374
0.89430	0.02643253530068338103
0.89478	0.02641691250240683908
0.89526	0.02640117674358185423
0.89574	0.02638532785358835980
0.89622	0.02636936566182074282
0.89670	0.02635328999768771913
0.89718	0.02633710069061239584
0.89766	0.02632079757003216031
0.89814	0.02630438046539903402
0.89862	0.02628784920617929094
0.89910	0.02627120362185389468
0.89958	0.02625444354191832502
0.90005	0.02623756879588284852
0.90053	0.02622057921327246993
0.90101	0.02620347462362725144
0.90149	0.02618625485650218770
0.90197	0.02616891974146755978
0.90245	0.02615146910810907388
0.90293	0.02613390278602802097
0.90341	0.02611622060484140861
0.90389	0.02609842239418234261
0.90437	0.02608050798370014495
0.90485	0.02606247720306060361
0.90533	0.02604432988194644444
0.90581	0.02602606585005731721
0.90628	0.02600768493711041324
0.90676	0.02598918697284058332
0.90724	0.02597057178700078184
0.90772	0.02595183920936256633
0.90820	0.02593298906971622936
0.90868	0.02591402119787152014
0.90916	0.02589493542365787354
0.90964	0.02587573157692497211
0.91012	0.02585640948754326651
0.91060	0.02583696898540440573
0.91108	0.02581740990042180606
0.91156	0.02579773206253134499
0.91204	0.02577793530169173591
0.91252	0.02575801944788533998
0.91299	0.02573798433111867956
0.91347	0.02571782978142318071
0.91395	0.02569755562885579075
0.91443	0.02567716170349981092
0.91491	0.02565664783546563188
0.91539	0.02563601385489141377
0.91587	0.02561525959194392577
0.91635	0.02559438487681944124
0.91683	0.02557338953974463980
0.91731	0.02555227341097734972
0.91779	0.02553103632080758884
0.91827	0.02550967809955845961
0.91875	0.02548819857758726631
0.91922	0.02546659758528633383
0.91970	0.02544487495308420111
0.92018	0.02542303051144664122
0.92066	0.02540106409087777156
0.92114	0.02537897552192128897
0.92162	0.02535676463516151058
0.92210	0.02533443126122470607
0.92258	0.02531197523078015932
0.92306	0.02528939637454180600
0.92354	0.02526669452326914950
0.92402	0.02524386950776879440
0.92450	0.02522092115889589675
0.92498	0.02519784930755543384
0.92546	0.02517465378470374465
0.92593	0.02515133442134999397
0.92641	0.02512789104855778916
0.92689	0.02510432349744651237
0.92737	0.02508063159919320800
0.92785	0.02505681518503398431
0.92833	0.02503287408626590077
0.92881	0.02500880813424842530
0.92929	0.02498461716040541875
0.92977	0.02496030099622677939
0.93025	0.02493585947327039282
0.93073	0.02491129242316378334
0.93121	0.02488659967760633446
0.93169	0.02486178106837090562
0.93216	0.02483683642730605962
0.93264	0.02481176558633792217
0.93312	0.02478656837747232611
0.93360	0.02476124463279694848
0.93408	0.02473579418448331596
0.93456	0.02471021686478912932
0.93504	0.02468451250606040065
0.93552	0.02465868094073372929
0.93600	0.02463272200133868189
0.93648	0.02460663552049995734
0.93696	0.02458042133094000964
0.93744	0.02455407926548124065
0.93792	0.02452760915704867845
0.93840	0.02450101083867228802
0.93887	0.02447428414348968434
0.93935	0.02444742890474856795
0.93983	0.02442044495580959068
0.94031	0.02439333213014872187
0.94079	0.02436609026136022510
0.94127	0.02433871918315927418
0.94175	0.02431121872938483280
0.94223	0.02428358873400236762
0.94271	0.02425582903110690136
0.94319	0.02422793945492582313
0.94367	0.02419991983982181655
0.94415	0.02417177002029604477
0.94463	0.02414348983099096763
0.94510	0.02411507910669359600
0.94558	0.02408653768233855880
0.94606	0.02405786539301120464
0.94654	0.02402906207395107130
0.94702	0.02400012756055476537
0.94750	0.02397106168837951495
0.94798	0.02394186429314645176
0.94846	0.02391253521074397648
0.94894	0.02388307427723107557
0.94942	0.02385348132884090866
0.94990	0.02382375620198427107
0.95038	0.02379389873325311877
0.95086	0.02376390875942405168
0.95134	0.02373378611746203987
0.95181	0.02370353064452405956
0.95229	0.02367314217796274989
0.95277	0.02364262055533011136
0.95325	0.02361196561438129449
0.95373	0.02358117719307842308
0.95421	0.02355025512959445927
0.95469	0.02351919926231697822
0.95517	0.02348800942985218576
0.95565	0.02345668547102872786
0.95613	0.02342522722490189557
0.95661	0.02339363453075735816
0.95709	0.02336190722811551379
0.95757	0.02333004515673530593
0.95804	0.02329804815661854628
0.95852	0.02326591606801391154
0.95900	0.02323364873142131498
0.95948	0.02320124598759589624
0.95996	0.02316870767755249000
0.96044	0.02313603364256973383
0.96092	0.02310322372419448822
0.96140	0.02307027776424613874
0.96188	0.02303719560482093975
0.96236	0.02300397708829646920
0.96284	0.02297062205733606255
0.96332	0.02293713035489313573
0.96380	0.02290350182421585501
0.96428	0.02286973630885150849
0.96475	0.02283583365265109272
0.96523	0.02280179369977385073
0.96571	0.02276761629469187947
0.96619	0.02273330128219464702
0.96667	0.02269884850739377347
0.96715	0.02266425781572752041
0.96763	0.02262952905296553713
0.96811	0.02259466206521352355
0.96859	0.02255965669891799724
0.96907	0.02252451280087085228
0.96955	0.02248923021821433443
0.97003	0.02245380879844561389
0.97051	0.02241824838942161474
0.97099	0.02238254883936376810
0.97146	0.02234670999686293180
0.97194	0.02231073171088401863
0.97242	0.02227461383077100621
0.97290	0.02223835620625156523
0.97338	0.02220195868744213180
0.97386	0.02216542112485254262
0.97434	0.02212874336939102404
0.97482	0.02209192527236904235
0.97530	0.02205496668550613326
0.97578	0.02201786746093474523
0.97626	0.02198062745120518691
0.97674	0.02194324650929054682
0.97722	0.02190572448859133547
0.97769	0.02186806124294071729
0.97817	0.02183025662660897231
0.97865	0.02179231049430876282
0.97913	0.02175422270119973384
0.97961	0.02171599310289345358
0.98009	0.02167762155545830544
0.98057	0.02163910791542426881
0.98105	0.02160045203978780415
0.98153	0.02156165378601666155
0.98201	0.02152271301205462700
0.98249	0.02148362957632640735
0.98297	0.02144440333774248059
0.98345	0.02140503415570358531
0.98393	0.02136552189010577918
0.98440	0.02132586640134507411
0.98488	0.02128606755032202980
0.98536	0.02124612519844653463
0.98584	0.02120603920764248945
0.98632	0.02116580944035244966
0.98680	0.02112543575954214936
0.98728	0.02108491802870519904
0.98776	0.02104425611186753337
0.98824	0.02100344987359206023
0.98872	0.02096249917898307391
0.98920	0.02092140389369069597
0.98968	0.02088016388391534389
0.99016	0.02083877901641214420
0.99063	0.02079724915849522765
0.99111	0.02075557417804208687
0.99159	0.02071375394349774662
0.99207	0.02067178832387912141
0.99255	0.02062967718877911638
0.99303	0.02058742040837080456
0.99351	0.02054501785341145137
0.99399	0.02050246939524661555
0.99447	0.02045977490581410430
0.99495	0.02041693425764790071
0.99543	0.02037394732388209811
0.99591	0.02033081397825460546
0.99639	0.02028753409511106082
0.99687	0.02024410754940845353
0.99734	0.02020053421671868382
0.99782	0.02015681397323241392
0.99830	0.02011294669576228072
0.99878	0.02006893226174653183
0.99926	0.02002477054925240474
0.99974	0.01998046143697932570
1.00022	0.01993600480426228200
1.00070	0.01989140053107492367
1.00118	0.01984664849803272069
1.00166	0.01980174858639591889
1.00214	0.01975670067807257929
1.00262	0.01971150465562128418
1.00310	0.01966616040225415557
1.00357	0.01962066780183929077
1.00405	0.01957502673890363504
1.00453	0.01952923709863536167
1.00501	0.01948329876688636303
1.00549	0.01943721163017458203
1.00597	0.01939097557568636443
1.00645	0.01934459049127854741
1.00693	0.01929805626548056208
1.00741	0.01925137278749641107
1.00789	0.01920453994720662527
1.00837	0.01915755763517005411
1.00885	0.01911042574262539206
1.00933	0.01906314416149297586
1.00981	0.01901571278437613755
1.01028	0.01896813150456269637
1.01076	0.01892040021602615224
1.01124	0.01887251881342686538
1.01172	0.01882448719211311100
1.01220	0.01877630524812212709
1.01268	0.01872797287818076667
1.01316	0.01867948997970646230
1.01364	0.01863085645080763547
1.01412	0.01858207219028421703
1.01460	0.01853313709762813288
1.01508	0.01848405107302350525
1.01556	0.01843481401734674979
1.01604	0.01838542583216658949
1.01651	0.01833588641974411015
1.01699	0.01828619568303224696
1.01747	0.01823635352567571505
1.01795	0.01818635985201032951
1.01843	0.01813621456706247803
1.01891	0.01808591757654841314
1.01939	0.01803546878687331545
1.01987	0.01798486810513032219
1.02035	0.01793411543909944478
1.02083	0.01788321069724617407
1.02131	0.01783215378872029383
1.02179	0.01778094462335418763
1.02227	0.01772958311166119433
1.02275	0.01767806916483385948
1.02322	0.01762640269474200633
1.02370	0.01757458361393057084
1.02418	0.01752261183561747149
1.02466	0.01747048727369125004
1.02514	0.01741820984270847639
1.02562	0.01736577945789137545
1.02610	0.01731319603512461447
1.02658	0.01726045949095286053
1.02706	0.01720756974257743599
1.02754	0.01715452670785316824
1.02802	0.01710133030528510761
1.02850	0.01704798045402504403
1.02898	0.01699447707386773920
1.02946	0.01694082008524730454
1.02993	0.01688700940923330146
1.03041	0.01683304496752659196
1.03089	0.01677892668245511976
1.03137	0.01672465447696964980
1.03185	0.01667022827463927881
1.03233	0.01661564799964670991
1.03281	0.01656091357678361048
1.03329	0.01650602493144558841
1.03377	0.01645098198962716834
1.03425	0.01639578467791660832
1.03473	0.01634043292349058457
1.03521	0.01628492665410859186
1.03569	0.01622926579810750336
1.03616	0.01617345028439558241
1.03664	0.01611748004244682730
1.03712	0.01606135500229476099
1.03760	0.01600507509452635257
1.03808	0.01594864025027561971
1.03856	0.01589205040121723783
1.03904	0.01583530547956002454
1.03952	0.01577840541804012564
1.04000	0.01572135014991412477
1.04048	0.01566413960895232660
1.04096	0.01560677372943140157
1.04144	0.01554925244612725965
1.04192	0.01549157569430770209
1.04240	0.01543374340972494124
1.04287	0.01537575552860805106
1.04335	0.01531761198765517473
1.04383	0.01525931272402574618
1.04431	0.01520085767533258664
1.04479	0.01514224677963366822
1.04527	0.01508347997542424518
1.04575	0.01502455720162827746
1.04623	0.01496547839759026360
1.04671	0.01490624350306663654
1.04719	0.01484685245821727034
1.04767	0.01478730520359665401
1.04815	0.01472760168014530802
1.04863	0.01466774182918076375
1.04910	0.01460772559238870949
1.04958	0.01454755291181382415
1.05006	0.01448722372985080525
1.05054	0.01442673798923505696
1.05102	0.01436609563303346826
1.05150	0.01430529660463501773
1.05198	0.01424434084774143378
1.05246	0.01418322830635765364
1.05294	0.01412195892478224774
1.05342	0.01406053264759794807
1.05390	0.01399894941966187828
1.05438	0.01393720918609593629
1.05486	0.01387531189227705214
1.05534	0.01381325748382733476
1.05581	0.01375104590660440607
1.05629	0.01368867710669136040
1.05677	0.01362615103038718883
1.05725	0.01356346762419657209
1.05773	0.01350062683482026321
1.05821	0.01343762860914502616
1.05869	0.01337447289423378954
1.05917	0.01331115963731573787
1.05965	0.01324768878577639586
1.06013	0.01318406028714780298
1.06061	0.01312027408909852838
1.06109	0.01305633013942403275
1.06157	0.01299222838603664859
1.06204	0.01292796877695599755
1.06252	0.01286355126029913726
1.06300	0.01279897578427094396
1.06348	0.01273424229715457850
1.06396	0.01266935074730174415
1.06444	0.01260430108312334679
1.06492	0.01253909325308014827
1.06540	0.01247372720567323928
1.06588	0.01240820288943508126
1.06636	0.01234252025292016663
1.06684	0.01227667924469612315
1.06732	0.01221067981333471414
1.06780	0.01214452190740324816
1.06828	0.01207820547545562784
1.06875	0.01201173046602422440
1.06923	0.01194509682761112773
1.06971	0.01187830450868017362
1.07019	0.01181135345764886685
1.07067	0.01174424362288048473
1.07115	0.01167697495267630559
1.07163	0.01160954739526827428
1.07211	0.01154196089881155685
1.07259	0.01147421541137740031
1.07307	0.01140631088094647139
1.07355	0.01133824725540193840
1.07403	0.01127002448252323319
1.07451	0.01120164250997973676
1.07498	0.01113310128532489507
1.07546	0.01106440075599063322
1.07594	0.01099554086928181129
1.07642	0.01092652157237129773
1.07690	0.01085734281229494558
1.07738	0.01078800453594724873
1.07786	0.01071850669007692880
1.07834	0.01064884922128338240
1.07882	0.01057903207601279538
1.07930	0.01050905520055514519
1.07978	0.01043891854104130046
1.08026	0.01036862204344046745
1.08074	0.01029816565355819169
1.08122	0.01022754931703449832
1.08169	0.01015677297934280965
1.08217	0.01008583658578866837
1.08265	0.01001474008150959882
1.08313	0.00994348341147480164
1.08361	0.00987206652048566724
1.08409	0.00980048935317645586
1.08457	0.00972875185401574083
1.08505	0.00965685396730821266
1.08553	0.00958479563719664973
1.08601	0.00951257680766501301
1.08649	0.00944019742254156857
1.08697	0.00936765742550255132
1.08745	0.00929495676007675853
1.08793	0.00922209536965022669
1.08840	0.00914907319747168546
1.08888	0.00907589018665860836
1.08936	0.00900254628020374925
1.08984	0.00892904142098228937
1.09032	0.00885537555175971991
1.09080	0.00878154861520009933
1.09128	0.00870756055387514327
1.09176	0.00863341131027391129
1.09224	0.00855910082681306250
1.09272	0.00848462904584783295
1.09320	0.00840999590968377619
1.09368	0.00833520136058900352
1.09416	0.00826024534080722905
1.09463	0.00818512779257164758
1.09511	0.00810984865811922861
1.09559	0.00803440787970602366
1.09607	0.00795880539962315336
1.09655	0.00788304116021350254
1.09703	0.00780711510388902574
1.09751	0.00773102717314937127
1.09799	0.00765477731060050515
1.09847	0.00757836545897500047
1.09895	0.00750179156115235446
1.09943	0.00742505556018061008
1.09991	0.00734815739929874090
1.10039	0.00727109702195975760
1.10087	0.00719387437185477208
1.10134	0.00711648939293792193
1.10182	0.00703894202945196112
1.10230	0.00696123222595521063
1.10278	0.00688335992734893931
1.10326	0.00680532507890582727
1.10374	0.00672712762629934513
1.10422	0.00664876751563420187
1.10470	0.00657024469347736173
1.10518	0.00649155910689040716
1.10566	0.00641271070346254024
1.10614	0.00633369943134480529
1.10662	0.00625452523928501924
1.10710	0.00617518807666385394
1.10757	0.00609568789353187590
1.10805	0.00601602464064757148
1.10853	0.00593619826951623242
1.10901	0.00585620873243002105
1.10949	0.00577605598250906238
1.10997	0.00569573997374327179
1.11045	0.00561526066103561206
1.11093	0.00553461800024600270
1.11141	0.00545381194823645055
1.11189	0.00537284246291722112
1.11237	0.00529170950329384271
1.11285	0.00521041302951558150
1.11333	0.00512895300292437462
1.11381	0.00504732938610523429
1.11428	0.00496554214293766505
1.11476	0.00488359123864781641
1.11524	0.00480147663986207895
1.11572	0.00471919831466142969
1.11620	0.00463675623263698489
1.11668	0.00455415036494649650
1.11716	0.00447138068437194502
1.11764	0.00438844716537820090
1.11812	0.00430534978417257408
1.11860	0.00422208851876562652
1.11908	0.00413866334903276178
1.11956	0.00405507425677700817
1.12004	0.00397132122579268998
1.12051	0.00388740424193027845
1.12099	0.00380332329316208917
1.12147	0.00371907836964895100
1.12195	0.00363466946380790190
1.12243	0.00355009657038099502
1.12291	0.00346535968650486803
1.12339	0.00338045881178118679
1.12387	0.00329539394834843513
1.12435	0.00321016510095402385
1.12483	0.00312477227702782911
1.12531	0.00303921548675634146
1.12579	0.00295349474315774463
1.12627	0.00286761006215778547
1.12675	0.00278156146266667070
1.12722	0.00269534896665639401
1.12770	0.00260897259923931202
1.12818	0.00252243238874716447
1.12866	0.00243572836681087146
1.12914	0.00234886056844119118
1.12962	0.00226182903210987718
1.13010	0.00217463379983159899
1.13058	0.00208727491724647329
1.13106	0.00199975243370316413
1.13154	0.00191206640234262149
1.13202	0.00182421688018223616
1.13250	0.00173620392820046654
1.13298	0.00164802761142210374
1.13345	0.00155968799900391142
1.13393	0.00147118516432026558
1.13441	0.00138251918504976590
1.13489	0.00129369014326148613
1.13537	0.00120469812550211275
1.13585	0.00111554322288262564
1.13633	0.00102622553116558934
1.13681	0.00093674515085245824
1.13729	0.00084710218727060416
1.13777	0.00075729675066091295
1.13825	0.00066732895626463173
1.13873	0.00057719892441074339
1.13921	0.00048690678060250847
1.13969	0.00039645265560435405
1.14016	0.00030583668552804089
1.14064	0.00021505901191849752
1.14112	0.00012411978183939076
1.14160	0.00003301914795793282
1.14208	-0.00005824273137078340
1.14256	-0.00014966569202014279
1.14304	-0.00024124956400917164
1.14352	-0.00033299417142057530
1.14400	-0.00042489933231969201
1.14448	-0.00051696485867426534
1.14496	-0.00060919055627567387
1.14544	-0.00070157622466116010
1.14592	-0.00079412165703719728
1.14639	-0.00088682664020468815
1.14687	-0.00097969095448535715
1.14735	-0.00107271437364959976
1.14783	-0.00116589666484644139
1.14831	-0.00125923758853510592
1.14879	-0.00135273689841836076
1.14927	-0.00144639434137816547
1.14975	-0.00154020965741352711
1.15023	-0.00163418257958032609
1.15071	-0.00172831283393376500
1.15119	-0.00182260013947350974
1.15167	-0.00191704420809124532
1.15215	-0.00201164474452118769
1.15263	-0.00210640144629362092
1.15310	-0.00220131400369134866
1.15358	-0.00229638209970957352
1.15406	-0.00239160541001916249
1.15454	-0.00248698360293331255
1.15502	-0.00258251633937829628
1.15550	-0.00267820327286771853
1.15598	-0.00277404404948096428
1.15646	-0.00287003830784596237
1.15694	-0.00296618567912630693
1.15742	-0.00306248578701298624
1.15790	-0.00315893824772073284
1.15838	-0.00325554266998957786
1.15886	-0.00335229865509142910
1.15934	-0.00344920579684200590
1.15981	-0.00354626368161843619
1.16029	-0.00364347188838252956
1.16077	-0.00374082998871001771
1.16125	-0.00383833754682617878
1.16173	-0.00393599411964769275
1.16221	-0.00403379925683126916
1.16269	-0.00413175250082913059
1.16317	-0.00422985338695174018
1.16365	-0.00432810144343770409
1.16413	-0.00442649619153159812
1.16461	-0.00452503714556931613
1.16509	-0.00462372381307198099
1.16557	-0.00472255569484797411
1.16604	-0.00482153228510391607
1.16652	-0.00492065307156425158
1.16700	-0.00501991753560056264
1.16748	-0.00511932515237009667
1.16796	-0.00521887539096441144
1.16844	-0.00531856771456794275
1.16892	-0.00541840158062711907
1.16940	-0.00551837644103056468
1.16988	-0.00561849174229982207
1.17036	-0.00571874692579225907
1.17084	-0.00581914142791518929
1.17132	-0.00591967468035238531
1.17180	-0.00602034611030312361
1.17228	-0.00612115514073399702
1.17275	-0.00622210119064392497
1.17323	-0.00632318367534286108
1.17371	-0.00642440200674455897
1.17419	-0.00652575559367350733
1.17467	-0.00662724384218667251
1.17515	-0.00672886615591079817
1.17563	-0.00683062193639467907
1.17611	-0.00693251058347801874
1.17659	-0.00703453149567645486
1.17707	-0.00713668407058362653
1.17755	-0.00723896770529046385
1.17803	-0.00734138179682235215
1.17851	-0.00744392574259469808
1.17898	-0.00754659894088691163
1.17946	-0.00764940079133603901
1.17994	-0.00775233069544981057
1.18042	-0.00785538805714008914
1.18090	-0.00795857228327706556
1.18138	-0.00806188278426460403
1.18186	-0.00816531897463756984
1.18234	-0.00826888027368133383
1.18282	-0.00837256610607434171
1.18330	-0.00847637590255409523
1.18378	-0.00858030910060708640
1.18426	-0.00868436514518354519
1.18474	-0.00878854348943702846
1.18522	-0.00889284359549059877
1.18569	-0.00899726493522851056
1.18617	-0.00910180699111556857
1.18665	-0.00920646925704420027
1.18713	-0.00931125123920956144
1.18761	-0.00941615245701392378
1.18809	-0.00952117244400080276
1.18857	-0.00962631074881921400
1.18905	-0.00973156693621932134
1.18953	-0.00983694058807968452
1.19001	-0.00994243130446709200
1.19049	-0.01004803870472975591
1.19097	-0.01015376242862425782
1.19145	-0.01025960213747761918
1.19192	-0.01036555751538462133
1.19240	-0.01047162827044149924
1.19288	-0.01057781413601714682
1.19336	-0.01068411487206157029
1.19384	-0.01079053026645389324
1.19432	-0.01089706013638930271
1.19480	-0.01100370432980708746
1.19528	-0.01111046272685958791
1.19576	-0.01121733524142359828
1.19624	-0.01132432182265480369
1.19672	-0.01143142245658645972
1.19720	-0.01153863716777274451
1.19768	-0.01164596602097840716
1.19816	-0.01175340912291517048
