8	8
0.00000	0.00000000000000000000
0.00062	-0.00000008739968038185
0.00124	-0.00000034959881745067
0.00186	-0.00000078659769364720
0.00248	-0.00000139839679036413
0.00310	-0.00000218499676840622
0.00371	-0.00000314639848930653
0.00433	-0.00000428260299756289
0.00495	-0.00000559361153129601
0.00557	-0.00000707942551869678
0.00619	-0.00000874004657447358
0.00681	-0.00001057547651051038
0.00743	-0.00001258571731987956
0.00805	-0.00001477077119460546
0.00867	-0.00001713064050790081
0.00929	-0.00001966532782837760
0.00990	-0.00002237483591294165
0.01052	-0.00002525916770323988
0.01114	-0.00002831832633809483
0.01176	-0.00003155231513751744
0.01238	-0.00003496113761691788
0.01300	-0.00003854479747467110
0.01362	-0.00004230329859922222
0.01424	-0.00004623664506908653
0.01486	-0.00005034484114929683
0.01548	-0.00005462789129495604
0.01609	-0.00005908580014235554
0.01671	-0.00006371857252140956
0.01733	-0.00006852621344677345
0.01795	-0.00007350872811784370
0.01857	-0.00007866612192586331
0.01919	-0.00008399840043971096
0.01981	-0.00008950556942366461
0.02043	-0.00009518763481963788
0.02105	-0.00010104460275961458
0.02167	-0.00010707647955854327
0.02229	-0.00011328327171433727
0.02290	-0.00011966498591320374
0.02352	-0.00012622162902076184
0.02414	-0.00013295320808737188
0.02476	-0.00013985973034991162
0.02538	-0.00014694120322289450
0.02600	-0.00015419763430379874
0.02662	-0.00016162903137661999
0.02724	-0.00016923540240121326
0.02786	-0.00017701675552217466
0.02848	-0.00018497309906173598
0.02909	-0.00019310444152509376
0.02971	-0.00020141079159330388
0.03033	-0.00020989215813038697
0.03095	-0.00021854855017799935
0.03157	-0.00022737997695365664
0.03219	-0.00023638644785606289
0.03281	-0.00024556797245978146
0.03343	-0.00025492456051345869
0.03405	-0.00026445622194692930
0.03467	-0.00027416296686055830
0.03528	-0.00028404480553412270
0.03590	-0.00029410174841792980
0.03652	-0.00030433380613814620
0.03714	-0.00031474098949679785
0.03776	-0.00032532330946288823
0.03838	-0.00033608077718305651
0.03900	-0.00034701340397447211
0.03962	-0.00035812120132128200
0.04024	-0.00036940418088171612
0.04086	-0.00038086235448275829
0.04148	-0.00039249573412369898
0.04209	-0.00040430433196547710
0.04271	-0.00041628816034133820
0.04333	-0.00042844723175328170
0.04395	-0.00044078155886495551
0.04457	-0.00045329115450698509
0.04519	-0.00046597603168052615
0.04581	-0.00047883620354305378
0.04643	-0.00049187168342257337
0.04705	-0.00050508248480340967
0.04767	-0.00051846862133864136
0.04828	-0.00053203010683944285
0.04890	-0.00054576695527686070
0.04952	-0.00055967918078358991
0.05014	-0.00057376679765219762
0.05076	-0.00058802982033334672
0.05138	-0.00060246826343224313
0.05200	-0.00061708214171574127
0.05262	-0.00063187147010346223
0.05324	-0.00064683626367134650
0.05386	-0.00066197653764987763
0.05448	-0.00067729230742585855
0.05509	-0.00069278358853352984
0.05571	-0.00070845039666345144
0.05633	-0.00072429274765362095
0.05695	-0.00074031065749835534
0.05757	-0.00075650414233585650
0.05819	-0.00077287321845531665
0.05881	-0.00078941790229158926
0.05943	-0.00080613821042874179
0.06005	-0.00082303415959827930
0.06067	-0.00084010576667026271
0.06128	-0.00085735304866751960
0.06190	-0.00087477602274965705
0.06252	-0.00089237470622194337
0.06314	-0.00091014911652642638
0.06376	-0.00092809927125436786
0.06438	-0.00094622518812670364
0.06500	-0.00096452688501003081
0.06562	-0.00098300437990417322
0.06624	-0.00100165769094928692
0.06686	-0.00102048683641875471
0.06747	-0.00103949183472273887
0.06809	-0.00105867270440107575
0.06871	-0.00107802946413038114
0.06933	-0.00109756213271694492
0.06995	-0.00111727072910028369
0.07057	-0.00113715527234781177
0.07119	-0.00115721578165484118
0.07181	-0.00117745227634458161
0.07243	-0.00119786477586814044
0.07305	-0.00121845329980274641
0.07367	-0.00123921786784819687
0.07428	-0.00126015849982863415
0.07490	-0.00128127521569254554
0.07552	-0.00130256803550743427
0.07614	-0.00132403697946159582
0.07676	-0.00134568206786234157
0.07738	-0.00136750332113777517
0.07800	-0.00138950075982968713
0.07862	-0.00141167440459888383
0.07924	-0.00143402427621808215
0.07986	-0.00145655039557546218
0.08047	-0.00147925278367289081
0.08109	-0.00150213146162236910
0.08171	-0.00152518645064603220
0.08233	-0.00154841777207614939
0.08295	-0.00157182544735512408
0.08357	-0.00159540949803016474
0.08419	-0.00161916994575328488
0.08481	-0.00164310681228485578
0.08543	-0.00166722011948650106
0.08605	-0.00169150988932109669
0.08666	-0.00171597614385632369
0.08728	-0.00174061890525933904
0.08790	-0.00176543819579322303
0.08852	-0.00179043403782230826
0.08914	-0.00181560645380507424
0.08976	-0.00184095546629947648
0.09038	-0.00186648109795228834
0.09100	-0.00189218337150798277
0.09162	-0.00191806230979985060
0.09224	-0.00194411793575355318
0.09286	-0.00197035027238356975
0.09347	-0.00199675934279497369
0.09409	-0.00202334517017455084
0.09471	-0.00205010777780145759
0.09533	-0.00207704718903478636
0.09595	-0.00210416342731889472
0.09657	-0.00213145651617985266
0.09719	-0.00215892647922544256
0.09781	-0.00218657334014338289
0.09843	-0.00221439712269599909
0.09905	-0.00224239785072910536
0.09966	-0.00227057554816134655
0.10028	-0.00229893023898242177
0.10090	-0.00232746194726374256
0.10152	-0.00235617069714244565
0.10214	-0.00238505651282849840
0.10276	-0.00241411941860114609
0.10338	-0.00244335943881068829
0.10400	-0.00247277659787137338
0.10462	-0.00250237092026495134
0.10524	-0.00253214243053712096
0.10585	-0.00256209115329575354
0.10647	-0.00259221711321444559
0.10709	-0.00262252033502541337
0.10771	-0.00265300084351949295
0.10833	-0.00268365866354791649
0.10895	-0.00271449382001520689
0.10957	-0.00274550633788628318
0.11019	-0.00277669624217757871
0.11081	-0.00280806355795704121
0.11143	-0.00283960831035123817
0.11205	-0.00287133052452759330
0.11266	-0.00290323022571037370
0.11328	-0.00293530743916647907
0.11390	-0.00296756219021609979
0.11452	-0.00299999450421672975
0.11514	-0.00303260440657382446
0.11576	-0.00306539192273724836
0.11638	-0.00309835707819416939
0.11700	-0.00313149989847438803
0.11762	-0.00316482040914678464
0.11824	-0.00319831863581576670
0.11885	-0.00323199460412304518
0.11947	-0.00326584833974585820
0.12009	-0.00329987986839341829
0.12071	-0.00333408921580691242
0.12133	-0.00336847640775950197
0.12195	-0.00340304147005454638
0.12257	-0.00343778442852027410
0.12319	-0.00347270530901688801
0.12381	-0.00350780413742590724
0.12443	-0.00354308093965549631
0.12505	-0.00357853574163691235
0.12566	-0.00361416856931917607
0.12628	-0.00364997944867617719
0.12690	-0.00368596840570134532
0.12752	-0.00372213546639876824
0.12814	-0.00375848065679917909
0.12876	-0.00379500400293864004
0.12938	-0.00383170553087452959
0.13000	-0.00386858526667133162
0.13062	-0.00390564323640951727
0.13124	-0.00394287946617311036
0.13185	-0.00398029398206034557
0.13247	-0.00401788681017301030
0.13309	-0.00405565797662177374
0.13371	-0.00409360750752085778
0.13433	-0.00413173542898448432
0.13495	-0.00417004176713220431
0.13557	-0.00420852654808534510
0.13619	-0.00424718979796168128
0.13681	-0.00428603154287721111
0.13743	-0.00432505180894793284
0.13804	-0.00436425062227918659
0.13866	-0.00440362800897631246
0.13928	-0.00444318399513576878
0.13990	-0.00448291860684335575
0.14052	-0.00452283187017954447
0.14114	-0.00456292381120704249
0.14176	-0.00460319445598322829
0.14238	-0.00464364383054771679
0.14300	-0.00468427196092591203
0.14362	-0.00472507887312900721
0.14424	-0.00476606459314687925
0.14485	-0.00480722914695519421
0.14547	-0.00484857256050474916
0.14609	-0.00489009485973035396
0.14671	-0.00493179607053839675
0.14733	-0.00497367621881750210
0.14795	-0.00501573533042609654
0.14857	-0.00505797343119951393
0.14919	-0.00510039054694289007
0.14981	-0.00514298670343649178
0.15043	-0.00518576192642505873
0.15104	-0.00522871624162490889
0.15166	-0.00527184967472216215
0.15228	-0.00531516225136208220
0.15290	-0.00535865399716328739
0.15352	-0.00540232493770176347
0.15414	-0.00544617509851974546
0.15476	-0.00549020450511683578
0.15538	-0.00553441318295710971
0.15600	-0.00557880115745845728
0.15662	-0.00562336845399968865
0.15723	-0.00566811509791520507
0.15785	-0.00571304111449677521
0.15847	-0.00575814652898465340
0.15909	-0.00580343136657468506
0.15971	-0.00584889565241653031
0.16033	-0.00589453941160833494
0.16095	-0.00594036266919317768
0.16157	-0.00598636545017150468
0.16219	-0.00603254777947981324
0.16281	-0.00607890968200841542
0.16343	-0.00612545118258722709
0.16404	-0.00617217230599109712
0.16466	-0.00621907307693980727
0.16528	-0.00626615352008919047
0.16590	-0.00631341366003468352
0.16652	-0.00636085352131665616
0.16714	-0.00640847312840797656
0.16776	-0.00645627250571756406
0.16838	-0.00650425167759038914
0.16900	-0.00655241066830924979
0.16962	-0.00660074950208233702
0.17023	-0.00664926820305744570
0.17085	-0.00669796679530776373
0.17147	-0.00674684530284075379
0.17209	-0.00679590374958571886
0.17271	-0.00684514215940623671
0.17333	-0.00689456055609127816
0.17395	-0.00694415896334987792
0.17457	-0.00699393740482001647
0.17519	-0.00704389590406329091
0.17581	-0.00709403448455958596
0.17642	-0.00714435316971417933
0.17704	-0.00719485198285063632
0.17766	-0.00724553094720725710
0.17828	-0.00729639008594773486
0.17890	-0.00734742942214872130
0.17952	-0.00739864897880337935
0.18014	-0.00745004877881783045
0.18076	-0.00750162884501293092
0.18138	-0.00755338920012604831
0.18200	-0.00760532986680217959
0.18262	-0.00765745086759750393
0.18323	-0.00770975222498115897
0.18385	-0.00776223396132635912
0.18447	-0.00781489609891927728
0.18509	-0.00786773865995016308
0.18571	-0.00792076166651334290
0.18633	-0.00797396514061432526
0.18695	-0.00802734910415736636
0.18757	-0.00808091357895079909
0.18819	-0.00813465858670703312
0.18881	-0.00818858414903900211
0.18942	-0.00824269028746016374
0.19004	-0.00829697702338094700
0.19066	-0.00835144437811408125
0.19128	-0.00840609237286926714
0.19190	-0.00846092102874962393
0.19252	-0.00851593036676057125
0.19314	-0.00857112040779739459
0.19376	-0.00862649117264879806
0.19438	-0.00868204268200223339
0.19500	-0.00873777495643501823
0.19562	-0.00879368801641433606
0.19623	-0.00884978188229901264
0.19685	-0.00890605657434129228
0.19747	-0.00896251211267617975
0.19809	-0.00901914851733565115
0.19871	-0.00907596580823089027
0.19933	-0.00913296400516649953
0.19995	-0.00919014312782628906
0.20057	-0.00924750319578926394
0.20119	-0.00930504422850830792
0.20181	-0.00936276624532617063
0.20242	-0.00942066926546836214
0.20304	-0.00947875330804137661
0.20366	-0.00953701839203269230
0.20428	-0.00959546453631077156
0.20490	-0.00965409175962861354
0.20552	-0.00971290008061131971
0.20614	-0.00977188951776675196
0.20676	-0.00983106008948375631
0.20738	-0.00989041181402150471
0.20800	-0.00994994470952015320
0.20861	-0.01000965879399728919
0.20923	-0.01006955408534260243
0.20985	-0.01012963060132143767
0.21047	-0.01018988835957479466
0.21109	-0.01025032737761577550
0.21171	-0.01031094767283136093
0.21233	-0.01037174926247708129
0.21295	-0.01043273216368767464
0.21357	-0.01049389639345932324
0.21419	-0.01055524196866741704
0.21481	-0.01061676890605234291
0.21542	-0.01067847722222481366
0.21604	-0.01074036693366586803
0.21666	-0.01080243805672331803
0.21728	-0.01086469060761174887
0.21790	-0.01092712460241607175
0.21852	-0.01098974005708441837
0.21914	-0.01105253698743347002
0.21976	-0.01111551540914490488
0.22038	-0.01117867533776539801
0.22100	-0.01124201678870839771
0.22161	-0.01130553977724524373
0.22223	-0.01136924431852115447
0.22285	-0.01143313042753568709
0.22347	-0.01149719811915517198
0.22409	-0.01156144740810916005
0.22471	-0.01162587830898864638
0.22533	-0.01169049083624429386
0.22595	-0.01175528500418998590
0.22657	-0.01182026082700105007
0.22719	-0.01188541831871070542
0.22780	-0.01195075749321716785
0.22842	-0.01201627836427121565
0.22904	-0.01208198094548862400
0.22966	-0.01214786525034483589
0.23028	-0.01221393129216963302
0.23090	-0.01228017908415246495
0.23152	-0.01234660863934422537
0.23214	-0.01241321997065014671
0.23276	-0.01248001309083335286
0.23338	-0.01254698801251663554
0.23400	-0.01261414474817712517
0.23461	-0.01268148331014984365
0.23523	-0.01274900371062592797
0.23585	-0.01281670596165085385
0.23647	-0.01288459007513154120
0.23709	-0.01295265606282569593
0.23771	-0.01302090393634713905
0.23833	-0.01308933370716580669
0.23895	-0.01315794538660775004
0.23957	-0.01322673898585335905
0.24019	-0.01329571451593558606
0.24080	-0.01336487198774527485
0.24142	-0.01343421141202760793
0.24204	-0.01350373279937855386
0.24266	-0.01357343616025197264
0.24328	-0.01364332150495428664
0.24390	-0.01371338884364448063
0.24452	-0.01378363818633943083
0.24514	-0.01385406954290679948
0.24576	-0.01392468292306681121
0.24638	-0.01399547833639402938
0.24699	-0.01406645579232268517
0.24761	-0.01413761530012891399
0.24823	-0.01420895686895384813
0.24885	-0.01428048050778407685
0.24947	-0.01435218622546230449
0.25009	-0.01442407403068557414
0.25071	-0.01449614393200349127
0.25133	-0.01456839593781822373
0.25195	-0.01464083005638805446
0.25257	-0.01471344629582027608
0.25319	-0.01478624466408007265
0.25380	-0.01485922516898341428
0.25442	-0.01493238781820238614
0.25504	-0.01500573261925985946
0.25566	-0.01507925957953304419
0.25628	-0.01515296870625348902
0.25690	-0.01522686000650885774
0.25752	-0.01530093348723760016
0.25814	-0.01537518915523428120
0.25876	-0.01544962701714602815
0.25938	-0.01552424707947608340
0.25999	-0.01559904934858202807
0.26061	-0.01567403383067400569
0.26123	-0.01574920053182182755
0.26185	-0.01582454945794431467
0.26247	-0.01590008061481995583
0.26309	-0.01597579400808157857
0.26371	-0.01605168964321634917
0.26433	-0.01612776752557110171
0.26495	-0.01620402766034345632
0.26557	-0.01628047005259247726
0.26619	-0.01635709470722979120
0.26680	-0.01643390162902491625
0.26742	-0.01651089082260703833
0.26804	-0.01658806229246145847
0.26866	-0.01666541604292781642
0.26928	-0.01674295207820897247
0.26990	-0.01682067040236390199
0.27052	-0.01689857101930769545
0.27114	-0.01697665393281866386
0.27176	-0.01705491914653300967
0.27238	-0.01713336666394305041
0.27299	-0.01721199648840787688
0.27361	-0.01729080862314091860
0.27423	-0.01736980307121704925
0.27485	-0.01744897983557613941
0.27547	-0.01752833891901772745
0.27609	-0.01760788032419924320
0.27671	-0.01768760405364844246
0.27733	-0.01776751010974741973
0.27795	-0.01784759849474504279
0.27857	-0.01792786921075695261
0.27918	-0.01800832225975668166
0.27980	-0.01808895764358808833
0.28042	-0.01816977536395647519
0.28104	-0.01825077542243214168
0.28166	-0.01833195782045571320
0.28228	-0.01841332255932748296
0.28290	-0.01849486964021984647
0.28352	-0.01857659906417019613
0.28414	-0.01865851083208802663
0.28476	-0.01874060494474427685
0.28538	-0.01882288140278554067
0.28599	-0.01890534020672518523
0.28661	-0.01898798135694335087
0.28723	-0.01907080485369938572
0.28785	-0.01915381069711408202
0.28847	-0.01923699888718921613
0.28909	-0.01932036942379156130
0.28971	-0.01940392230666532214
0.29033	-0.01948765753542502921
0.29095	-0.01957157510956619717
0.29157	-0.01965567502845111392
0.29218	-0.01973995729132127508
0.29280	-0.01982442189729560766
0.29342	-0.01990906884536869370
0.29404	-0.01999389813441077024
0.29466	-0.02007890976317305842
0.29528	-0.02016410373028421077
0.29590	-0.02024948003425386389
0.29652	-0.02033503867346908578
0.29714	-0.02042077964619970487
0.29776	-0.02050670295059831005
0.29837	-0.02059280858469847431
0.29899	-0.02067909654641653106
0.29961	-0.02076556683355335053
0.30023	-0.02085221944379256342
0.30085	-0.02093905437470766628
0.30147	-0.02102607162375136340
0.30209	-0.02111327118827155402
0.30271	-0.02120065306549534512
0.30333	-0.02128821725254503860
0.30395	-0.02137596374642747321
0.30457	-0.02146389254404112990
0.30518	-0.02155200364217613185
0.30580	-0.02164029703751424449
0.30642	-0.02172877272662709913
0.30704	-0.02181743070598152201
0.30766	-0.02190627097193953432
0.30828	-0.02199529352075479949
0.30890	-0.02208449834858150496
0.30952	-0.02217388545146370404
0.31014	-0.02226345482535130316
0.31076	-0.02235320646608407458
0.31137	-0.02244314036940586732
0.31199	-0.02253325653096105441
0.31261	-0.02262355494629453290
0.31323	-0.02271403561084817113
0.31385	-0.02280469851997501962
0.31447	-0.02289554366892510018
0.31509	-0.02298657105285606406
0.31571	-0.02307778066682963924
0.31633	-0.02316917250581695953
0.31695	-0.02326074656469145907
0.31756	-0.02335250283823953055
0.31818	-0.02344444132115519608
0.31880	-0.02353656200804188359
0.31942	-0.02362886489341775587
0.32004	-0.02372134997170682880
0.32066	-0.02381401723725140585
0.32128	-0.02390686668430497264
0.32190	-0.02399989830704107874
0.32252	-0.02409311209954267952
0.32314	-0.02418650805581279428
0.32376	-0.02428008616977450629
0.32437	-0.02437384643526563366
0.32499	-0.02446778884604938753
0.32561	-0.02456191339580549027
0.32623	-0.02465622007813905725
0.32685	-0.02475070888657526780
0.32747	-0.02484537981456469424
0.32809	-0.02494023285548507829
0.32871	-0.02503526800263955465
0.32933	-0.02513048524925842742
0.32995	-0.02522588458849739368
0.33056	-0.02532146601344464898
0.33118	-0.02541722951712088729
0.33180	-0.02551317509247574833
0.33242	-0.02560930273238959387
0.33304	-0.02570561242968061322
0.33366	-0.02580210417709949411
0.33428	-0.02589877796733119908
0.33490	-0.02599563379300384725
0.33552	-0.02609267164667805616
0.33614	-0.02618989152085404726
0.33676	-0.02628729340797342218
0.33737	-0.02638487730042093915
0.33799	-0.02648264319052273663
0.33861	-0.02658059107054633330
0.33923	-0.02667872093270595713
0.33985	-0.02677703276916254538
0.34047	-0.02687552657202196826
0.34109	-0.02697420233334213435
0.34171	-0.02707306004512588515
0.34233	-0.02717209969932810054
0.34295	-0.02727132128785392240
0.34356	-0.02737072480256586005
0.34418	-0.02747031023527490845
0.34480	-0.02757007757775120638
0.34542	-0.02767002682171693095
0.34604	-0.02777015795885695582
0.34666	-0.02787047098080819296
0.34728	-0.02797096587917380361
0.34790	-0.02807164264551254007
0.34852	-0.02817250127134762749
0.34914	-0.02827354174816676391
0.34975	-0.02837476406741856749
0.35037	-0.02847616822052145835
0.35099	-0.02857775419885655310
0.35161	-0.02867952199377654665
0.35223	-0.02878147159660038312
0.35285	-0.02888360299861858493
0.35347	-0.02898591619109325279
0.35409	-0.02908841116525806569
0.35471	-0.02919108791232183364
0.35533	-0.02929394642347027400
0.35595	-0.02939698668986068242
0.35656	-0.02950020870263259098
0.35718	-0.02960361245289888643
0.35780	-0.02970719793176002099
0.35842	-0.02981096513029157791
0.35904	-0.02991491403955315320
0.35966	-0.03001904465058835569
0.36028	-0.03012335695442303063
0.36090	-0.03022785094207414147
0.36152	-0.03033252660454088812
0.36214	-0.03043738393281536503
0.36275	-0.03054242291787367947
0.36337	-0.03064764355068838597
0.36399	-0.03075304582221960459
0.36461	-0.03085862972342567900
0.36523	-0.03096439524525429476
0.36585	-0.03107034237865313742
0.36647	-0.03117647111456278708
0.36709	-0.03128278144392737659
0.36771	-0.03138927335768570970
0.36833	-0.03149594684677659018
0.36894	-0.03160280190214770357
0.36956	-0.03170983851474140636
0.37018	-0.03181705667551071315
0.37080	-0.03192445637541041492
0.37142	-0.03203203760540240808
0.37204	-0.03213980035645924715
0.37266	-0.03224774461955881577
0.37328	-0.03235587038569498475
0.37390	-0.03246417764586517762
0.37452	-0.03257266639108991058
0.37514	-0.03268133661239502885
0.37575	-0.03279018830082591762
0.37637	-0.03289922144744217292
0.37699	-0.03300843604332648340
0.37761	-0.03311783207957397224
0.37823	-0.03322740954730463159
0.37885	-0.03333716843765621718
0.37947	-0.03344710874179313009
0.38009	-0.03355723045090108769
0.38071	-0.03366753355619245269
0.38133	-0.03377801804890445680
0.38194	-0.03388868392030097709
0.38256	-0.03399953116167786504
0.38318	-0.03411055976436117021
0.38380	-0.03422176971970358750
0.38442	-0.03433316101909333895
0.38504	-0.03444473365395239739
0.38566	-0.03455648761573826278
0.38628	-0.03466842289594040949
0.38690	-0.03478053948609272084
0.38752	-0.03489283737775927818
0.38813	-0.03500531656255034818
0.38875	-0.03511797703211172461
0.38937	-0.03523081877813893925
0.38999	-0.03534384179235949830
0.39061	-0.03545704606655775137
0.39123	-0.03557043159255179887
0.39185	-0.03568399836221658461
0.39247	-0.03579774636746968497
0.39309	-0.03591167560027841432
0.39371	-0.03602578605266160139
0.39433	-0.03614007771668781288
0.39494	-0.03625455058447890622
0.39556	-0.03636920464821180587
0.39618	-0.03648403990012027975
0.39680	-0.03659905633248783374
0.39742	-0.03671425393766014622
0.39804	-0.03682963270804151534
0.39866	-0.03694519263609485904
0.39928	-0.03706093371434171502
0.39990	-0.03717685593537112254
0.40052	-0.03729295929183074065
0.40113	-0.03740924377643217724
0.40175	-0.03752570938195454175
0.40237	-0.03764235610124266884
0.40299	-0.03775918392721067107
0.40361	-0.03787619285283838622
0.40423	-0.03799338287117670632
0.40485	-0.03811075397534935405
0.40547	-0.03822830615854933001
0.40609	-0.03834603941404601812
0.40671	-0.03846395373517985661
0.40733	-0.03858204911537121973
0.40794	-0.03870032554810975967
0.40856	-0.03881878302696861738
0.40918	-0.03893742154560086988
0.40980	-0.03905624109773420116
0.41042	-0.03917524167718156036
0.41104	-0.03929442327783405631
0.41166	-0.03941378589366983931
0.41228	-0.03953332951874699575
0.41290	-0.03965305414721420618
0.41352	-0.03977295977330008725
0.41413	-0.03989304639132562613
0.41475	-0.04001331399569885150
0.41537	-0.04013376258091483351
0.41599	-0.04025439214156278922
0.41661	-0.04037520267231897719
0.41723	-0.04049619416795735560
0.41785	-0.04061736662334247683
0.41847	-0.04073872003343126380
0.41909	-0.04086025439328011544
0.41971	-0.04098196969804135392
0.42032	-0.04110386594296322471
0.42094	-0.04122594312339344924
0.42156	-0.04134820123477744858
0.42218	-0.04147064027266544883
0.42280	-0.04159326023270715211
0.42342	-0.04171606111065173650
0.42404	-0.04183904290235496148
0.42466	-0.04196220560377739162
0.42528	-0.04208554921098262014
0.42590	-0.04220907372014437442
0.42652	-0.04233277912753941052
0.42713	-0.04245666542955461864
0.42775	-0.04258073262268524672
0.42837	-0.04270498070354022957
0.42899	-0.04282940966883508338
0.42961	-0.04295401951539723484
0.43023	-0.04307881024016957383
0.43085	-0.04320378184021045342
0.43147	-0.04332893431268480811
0.43209	-0.04345426765488369369
0.43271	-0.04357978186420474742
0.43332	-0.04370547693816995150
0.43394	-0.04383135287441675132
0.43456	-0.04395740967069983185
0.43518	-0.04408364732489822302
0.43580	-0.04421006583500819431
0.43642	-0.04433666519914680748
0.43704	-0.04446344541555724561
0.43766	-0.04459040648260348405
0.43828	-0.04471754839877384313
0.43890	-0.04484487116268098816
0.43951	-0.04497237477306370579
0.44013	-0.04510005922878868034
0.44075	-0.04522792452884871750
0.44137	-0.04535597067236452062
0.44199	-0.04548419765858469077
0.44261	-0.04561260548689105576
0.44323	-0.04574119415678978839
0.44385	-0.04586996366792561730
0.44447	-0.04599891402006761609
0.44509	-0.04612804521312519057
0.44571	-0.04625735724713386787
0.44632	-0.04638685012226950732
0.44694	-0.04651652383883764230
0.44756	-0.04664637839728236202
0.44818	-0.04677641379818453515
0.44880	-0.04690663004226003352
0.44942	-0.04703702713036506111
0.45004	-0.04716760506348904869
0.45066	-0.04729836384276708827
0.45128	-0.04742930346946927500
0.45190	-0.04756042394500603621
0.45251	-0.04769172527093523684
0.45313	-0.04782320744894619224
0.45375	-0.04795487048087920812
0.45437	-0.04808671436871492233
0.45499	-0.04821873911457430495
0.45561	-0.04835094472072576366
0.45623	-0.04848333118958336740
0.45685	-0.04861589852370507003
0.45747	-0.04874864672579448666
0.45809	-0.04888157579870267000
0.45870	-0.04901468574542811041
0.45932	-0.04914797656911495949
0.45994	-0.04928144827305835918
0.46056	-0.04941510086070088903
0.46118	-0.04954893433563611893
0.46180	-0.04968294870160505639
0.46242	-0.04981714396250147558
0.46304	-0.04995152012236836470
0.46366	-0.05008607718540147857
0.46428	-0.05022081515594756240
0.46490	-0.05035573403850968077
0.46551	-0.05049083383773655953
0.46613	-0.05062611455843857300
0.46675	-0.05076157620557530947
0.46737	-0.05089721878426090029
0.46799	-0.05103304229976579620
0.46861	-0.05116904675751676734
0.46923	-0.05130523216309335055
0.46985	-0.05144159852223317841
0.47047	-0.05157814584083197929
0.47109	-0.05171487412494002456
0.47170	-0.05185178338076745774
0.47232	-0.05198887361467896540
0.47294	-0.05212614483320088254
0.47356	-0.05226359704301586362
0.47418	-0.05240123025096821152
0.47480	-0.05253904446406032491
0.47542	-0.05267703968945447457
0.47604	-0.05281521593447280338
0.47666	-0.05295357320659555000
0.47728	-0.05309211151347170699
0.47790	-0.05323083086290125721
0.47851	-0.05336973126285293745
0.47913	-0.05350881272145535661
0.47975	-0.05364807524699699570
0.48037	-0.05378751884793153692
0.48099	-0.05392714353287431095
0.48161	-0.05406694931060407328
0.48223	-0.05420693619006300423
0.48285	-0.05434710418035670898
0.48347	-0.05448745329075066479
0.48409	-0.05462798353068087920
0.48470	-0.05476869490974500820
0.48532	-0.05490958743770235628
0.48594	-0.05505066112448275817
0.48656	-0.05519191598017236799
0.48718	-0.05533335201503319922
0.48780	-0.05547496923948358472
0.48842	-0.05561676766411238759
0.48904	-0.05575874729967189580
0.48966	-0.05590090815708137484
0.49028	-0.05604325024742529138
0.49089	-0.05618577358195508964
0.49151	-0.05632847817208919139
0.49213	-0.05647136402940944322
0.49275	-0.05661443116566644562
0.49337	-0.05675767959277955299
0.49399	-0.05690110932283332090
0.49461	-0.05704472036807572977
0.49523	-0.05718851274092706660
0.49585	-0.05733248645397281962
0.49647	-0.05747664151996367821
0.49709	-0.05762097795182263837
0.49770	-0.05776549576263434460
0.49832	-0.05791019496565574798
0.49894	-0.05805507557430722443
0.49956	-0.05820013760217968013
0.50018	-0.05834538106302922245
0.50080	-0.05849080597078248900
0.50142	-0.05863641233953131859
0.50204	-0.05878220018353808030
0.50266	-0.05892816951722856800
0.50328	-0.05907432035519732949
0.50389	-0.05922065271221121918
0.50451	-0.05936716660320051631
0.50513	-0.05951386204326070128
0.50575	-0.05966073904766133751
0.50637	-0.05980779763183363684
0.50699	-0.05995503781138111776
0.50761	-0.06010245960207249993
0.50823	-0.06025006301984170420
0.50885	-0.06039784808079495804
0.50947	-0.06054581480120013737
0.51008	-0.06069396319749564839
0.51070	-0.06084229328628865119
0.51132	-0.06099080508434973069
0.51194	-0.06113949860861644936
0.51256	-0.06128837387619512356
0.51318	-0.06143743090435904719
0.51380	-0.06158666971054493899
0.51442	-0.06173609031235827160
0.51504	-0.06188569272757149520
0.51566	-0.06203547697412048478
0.51628	-0.06218544307010986927
0.51689	-0.06233559103380770239
0.51751	-0.06248592088364901542
0.51813	-0.06263643263823404084
0.51875	-0.06278712631632643593
0.51937	-0.06293800193685861188
0.51999	-0.06308905951892640473
0.52061	-0.06324029908178729897
0.52123	-0.06339172064486575664
0.52185	-0.06354332422775321731
0.52247	-0.06369510985019921634
0.52308	-0.06384707753212026660
0.52370	-0.06399922729359808216
0.52432	-0.06415155915487424920
0.52494	-0.06430407313635555511
0.52556	-0.06445676925861221207
0.52618	-0.06460964754237252805
0.52680	-0.06476270800853356491
0.52742	-0.06491595067815048026
0.52804	-0.06506937557243830383
0.52866	-0.06522298271277904291
0.52927	-0.06537677212071280053
0.52989	-0.06553074381793777548
0.53051	-0.06568489782631736773
0.53113	-0.06583923416787307303
0.53175	-0.06599375286478803559
0.53237	-0.06614845393939994267
0.53299	-0.06630333741421168270
0.53361	-0.06645840331188246353
0.53423	-0.06661365165523136511
0.53485	-0.06676908246723201046
0.53547	-0.06692469577101967104
0.53608	-0.06708049158988593774
0.53670	-0.06723646994728227355
0.53732	-0.06739263086681113180
0.53794	-0.06754897437223661427
0.53856	-0.06770550048747558947
0.53918	-0.06786220923660302162
0.53980	-0.06801910064384664167
0.54042	-0.06817617473359405267
0.54104	-0.06833343153038207163
0.54166	-0.06849087105890205862
0.54227	-0.06864849334400346947
0.54289	-0.06880629841068319763
0.54351	-0.06896428628409800865
0.54413	-0.06912245698954855300
0.54475	-0.06928081055249712961
0.54537	-0.06943934699854814596
0.54599	-0.06959806635346588166
0.54661	-0.06975696864315850121
0.54723	-0.06991605389368871215
0.54785	-0.07007532213126665965
0.54847	-0.07023477338225347921
0.54908	-0.07039440767315774394
0.54970	-0.07055422503063901729
0.55032	-0.07071422548150430032
0.55094	-0.07087440905270447900
0.55156	-0.07103477577134142962
0.55218	-0.07119532566466446610
0.55280	-0.07135605876006501092
0.55342	-0.07151697508508192414
0.55404	-0.07167807466740150346
0.55466	-0.07183935753485393150
0.55527	-0.07200082371540972304
0.55589	-0.07216247323718683049
0.55651	-0.07232430612844709117
0.55713	-0.07248632241759267458
0.55775	-0.07264852213316963514
0.55837	-0.07281090530386435944
0.55899	-0.07297347195850534263
0.55961	-0.07313622212606141204
0.56023	-0.07329915583564350356
0.56085	-0.07346227311649755620
0.56146	-0.07362557399801339386
0.56208	-0.07378905850971761993
0.56270	-0.07395272668127361726
0.56332	-0.07411657854248510091
0.56394	-0.07428061412329078905
0.56456	-0.07444483345376795569
0.56518	-0.07460923656412532523
0.56580	-0.07477382348471373064
0.56642	-0.07493859424601190256
0.56704	-0.07510354887863890383
0.56766	-0.07526868741334347135
0.56827	-0.07543400988100934512
0.56889	-0.07559951631265349192
0.56951	-0.07576520673942432893
0.57013	-0.07593108119259994737
0.57075	-0.07609713970359521795
0.57137	-0.07626338230394758000
0.57199	-0.07642980902533125231
0.57261	-0.07659641989954479868
0.57323	-0.07676321495852178600
0.57385	-0.07693019423431657344
0.57446	-0.07709735775911852329
0.57508	-0.07726470556523779010
0.57570	-0.07743223768511420246
0.57632	-0.07759995415131371033
0.57694	-0.07776785499652838496
0.57756	-0.07793594025357286625
0.57818	-0.07810420995538791544
0.57880	-0.07827266413503863873
0.57942	-0.07844130282571271096
0.58004	-0.07861012606071859921
0.58065	-0.07877913387348911556
0.58127	-0.07894832629757786435
0.58189	-0.07911770336666101855
0.58251	-0.07928726511453021430
0.58313	-0.07945701157510320911
0.58375	-0.07962694278241500001
0.58437	-0.07979705877061604724
0.58499	-0.07996735957397760330
0.58561	-0.08013784522688816025
0.58623	-0.08030851576385522606
0.58685	-0.08047937121949999550
0.58746	-0.08065041162856090295
0.58808	-0.08082163702589006959
0.58870	-0.08099304744645507981
0.58932	-0.08116464292534075753
0.58994	-0.08133642349774028446
0.59056	-0.08150838919896585821
0.59118	-0.08168054006443625781
0.59180	-0.08185287612968572546
0.59242	-0.08202539743036041386
0.59304	-0.08219810400221483349
0.59365	-0.08237099588111718163
0.59427	-0.08254407310304223699
0.59489	-0.08271733570407491243
0.59551	-0.08289078372040847853
0.59613	-0.08306441718834811638
0.59675	-0.08323823614430025941
0.59737	-0.08341224062478325152
0.59799	-0.08358643066642024166
0.59861	-0.08376080630594096021
0.59923	-0.08393536758017994259
0.59984	-0.08411011452607652927
0.60046	-0.08428504718067664214
0.60108	-0.08446016558112567907
0.60170	-0.08463546976467561933
0.60232	-0.08481095976868324726
0.60294	-0.08498663563060127046
0.60356	-0.08516249738799075431
0.60418	-0.08533854507851224014
0.60480	-0.08551477873992219259
0.60542	-0.08569119841008543403
0.60604	-0.08586780412695915743
0.60665	-0.08604459592860713713
0.60727	-0.08622157385318374168
0.60789	-0.08639873793894814469
0.60851	-0.08657608822425544304
0.60913	-0.08675362474755843323
0.60975	-0.08693134754740228232
0.61037	-0.08710925666243518606
0.61099	-0.08728735213139948712
0.61161	-0.08746563399312812237
0.61223	-0.08764410228655528101
0.61284	-0.08782275705070574645
0.61346	-0.08800159832470022536
0.61408	-0.08818062614775357133
0.61470	-0.08835984055917123214
0.61532	-0.08853924159835102614
0.61594	-0.08871882930478847129
0.61656	-0.08889860371806435069
0.61718	-0.08907856487785537070
0.61780	-0.08925871282392705552
0.61842	-0.08943904759613552358
0.61904	-0.08961956923442748746
0.61965	-0.08980027777884025397
0.62027	-0.08998117326949817141
0.62089	-0.09016225574661618225
0.62151	-0.09034352525049804683
0.62213	-0.09052498182153456696
0.62275	-0.09070662550020536230
0.62337	-0.09088845632707709399
0.62399	-0.09107047434280346465
0.62461	-0.09125267958812166569
0.62523	-0.09143507210386125905
0.62584	-0.09161765193093174275
0.62646	-0.09180041911033320901
0.62708	-0.09198337368314923879
0.62770	-0.09216651569054512549
0.62832	-0.09234984517377498037
0.62894	-0.09253336217417462706
0.62956	-0.09271706673316693070
0.63018	-0.09290095889225291614
0.63080	-0.09308503869302064970
0.63142	-0.09326930617714346283
0.63203	-0.09345376138637107033
0.63265	-0.09363840436254022848
0.63327	-0.09382323514756762961
0.63389	-0.09400825378345523120
0.63451	-0.09419346031228315042
0.63513	-0.09437885477621144048
0.63575	-0.09456443721748719611
0.63637	-0.09475020767843211900
0.63699	-0.09493616620145317597
0.63761	-0.09512231282903194085
0.63823	-0.09530864760373880529
0.63884	-0.09549517056821521521
0.63946	-0.09568188176518610533
0.64008	-0.09586878123745812275
0.64070	-0.09605586902791429793
0.64132	-0.09624314517951759740
0.64194	-0.09643060973530737101
0.64256	-0.09661826273840823376
0.64318	-0.09680610423201585490
0.64380	-0.09699413425941116884
0.64442	-0.09718235286394616423
0.64503	-0.09737076008905809488
0.64565	-0.09755935597825704519
0.64627	-0.09774814057513481202
0.64689	-0.09793711392335602284
0.64751	-0.09812627606667057023
0.64813	-0.09831562704889762472
0.64875	-0.09850516691393806923
0.64937	-0.09869489570577272275
0.64999	-0.09888481346845345854
0.65061	-0.09907492024611563863
0.65122	-0.09926521608296567933
0.65184	-0.09945570102329170936
0.65246	-0.09964637511146001714
0.65308	-0.09983723839190794536
0.65370	-0.10002829090915454913
0.65432	-0.10021953270779704326
0.65494	-0.10041096383250547319
0.65556	-0.10060258432803159678
0.65618	-0.10079439423919822616
0.65680	-0.10098639361090988587
0.65742	-0.10117858248814748379
0.65803	-0.10137096091597008751
0.65865	-0.10156352893950959526
0.65927	-0.10175628660398139402
0.65989	-0.10194923395467370142
0.66051	-0.10214237103695111841
0.66113	-0.10233569789626173474
0.66175	-0.10252921457812647077
0.66237	-0.10272292112814263021
0.66299	-0.10291681759199278190
0.66361	-0.10311090401542699624
0.66422	-0.10330518044428238511
0.66484	-0.10349964692447066739
0.66546	-0.10369430350198172164
0.66608	-0.10388915022288358614
0.66670	-0.10408418713332423522
0.66732	-0.10427941427953157927
0.66794	-0.10447483170781168837
0.66856	-0.10467043946454701597
0.66918	-0.10486623759620350427
0.66980	-0.10506222614932703152
0.67041	-0.10525840517054163570
0.67103	-0.10545477470654951446
0.67165	-0.10565133480413813061
0.67227	-0.10584808551017488298
0.67289	-0.10604502687160355379
0.67351	-0.10624215893545496670
0.67413	-0.10643948174883810509
0.67475	-0.10663699535894721748
0.67537	-0.10683469981305471208
0.67599	-0.10703259515852003858
0.67661	-0.10723068144277903002
0.67722	-0.10742895871335989000
0.67784	-0.10762742701786720545
0.67846	-0.10782608640399260480
0.67908	-0.10802493691951120525
0.67970	-0.10822397861228516547
0.68032	-0.10842321153025835656
0.68094	-0.10862263572146524382
0.68156	-0.10882225123401845224
0.68218	-0.10902205811612653008
0.68280	-0.10922205641607796167
0.68341	-0.10942224618225360189
0.68403	-0.10962262746311779438
0.68465	-0.10982320030722547699
0.68527	-0.11002396476322218177
0.68589	-0.11022492087983870590
0.68651	-0.11042606870589999346
0.68713	-0.11062740829031980638
0.68775	-0.11082893968210250080
0.68837	-0.11103066293034302703
0.68899	-0.11123257808423048232
0.68961	-0.11143468519304633446
0.69022	-0.11163698430616442181
0.69084	-0.11183947547305272963
0.69146	-0.11204215874327339009
0.69208	-0.11224503416648445864
0.69270	-0.11244810179243813764
0.69332	-0.11265136167098788178
0.69394	-0.11285481385207596361
0.69456	-0.11305845838574946072
0.69518	-0.11326229532214959761
0.69580	-0.11346632471152062749
0.69641	-0.11367054660420272683
0.69703	-0.11387496105063732443
0.69765	-0.11407956810136710146
0.69827	-0.11428436780703954412
0.69889	-0.11448936021840161459
0.69951	-0.11469454538630330376
0.70013	-0.11489992336169940756
0.70075	-0.11510549419565307971
0.70137	-0.11531125793932872625
0.70199	-0.11551721464399911099
0.70260	-0.11572336436104535551
0.70322	-0.11592970714195338644
0.70384	-0.11613624303832281726
0.70446	-0.11634297210185806648
0.70508	-0.11654989438437901583
0.70570	-0.11675700993781568116
0.70632	-0.11696431881420821242
0.70694	-0.11717182106571222278
0.70756	-0.11737951674459878859
0.70818	-0.11758740590325267306
0.70880	-0.11779548859417410256
0.70941	-0.11800376486998054304
0.71003	-0.11821223478340847635
0.71065	-0.11842089838731517659
0.71127	-0.11862975573467338108
0.71189	-0.11883880687858017211
0.71251	-0.11904805187225342422
0.71313	-0.11925749076903535695
0.71375	-0.11946712362238898208
0.71437	-0.11967695048590876183
0.71499	-0.11988697141330639795
0.71560	-0.12009718645842681894
0.71622	-0.12030759567524285103
0.71684	-0.12051819911785521811
0.71746	-0.12072899684049609448
0.71808	-0.12093998889752555215
0.71870	-0.12115117534344399530
0.71932	-0.12136255623287617311
0.71994	-0.12157413162058894329
0.72056	-0.12178590156148239032
0.72118	-0.12199786611059337815
0.72179	-0.12221002532309732658
0.72241	-0.12242237925431354029
0.72303	-0.12263492795969455074
0.72365	-0.12284767149483855064
0.72427	-0.12306060991549117034
0.72489	-0.12327374327753481964
0.72551	-0.12348707163700112233
0.72613	-0.12370059505007091616
0.72675	-0.12391431357307070016
0.72737	-0.12412822726247618732
0.72799	-0.12434233617491585733
0.72860	-0.12455664036716562748
0.72922	-0.12477113989616306355
0.72984	-0.12498583481899139258
0.73046	-0.12520072519289726642
0.73108	-0.12541581107528010364
0.73170	-0.12563109252369919489
0.73232	-0.12584656959587547931
0.73294	-0.12606224234968976816
0.73356	-0.12627811084318807389
0.73418	-0.12649417513457628104
0.73479	-0.12671043528223080443
0.73541	-0.12692689134469148371
0.73603	-0.12714354338067046513
0.73665	-0.12736039144904509612
0.73727	-0.12757743560887035983
0.73789	-0.12779467591936999327
0.73851	-0.12801211243994359279
0.73913	-0.12822974523016483772
0.73975	-0.12844757434978681943
0.74037	-0.12866559985874026495
0.74098	-0.12888382181714064245
0.74160	-0.12910224028527927942
0.74222	-0.12932085532363402081
0.74284	-0.12953966699286745268
0.74346	-0.12975867535383045492
0.74408	-0.12997788046756220126
0.74470	-0.13019728239528660652
0.74532	-0.13041688119842653748
0.74594	-0.13063667693859137842
0.74656	-0.13085666967759124191
0.74718	-0.13107685947742808708
0.74779	-0.13129724640030460137
0.74841	-0.13151783050861887148
0.74903	-0.13173861186497681786
0.74965	-0.13195959053218331292
0.75027	-0.13218076657324573375
0.75089	-0.13240214005138462028
0.75151	-0.13262371103002124073
0.75213	-0.13284547957279357888
0.75275	-0.13306744574354389954
0.75337	-0.13328960960633473576
0.75398	-0.13351197122543823070
0.75460	-0.13373453066534501943
0.75522	-0.13395728799076778159
0.75584	-0.13418024326663413603
0.75646	-0.13440339655809729891
0.75708	-0.13462674793053253097
0.75770	-0.13485029744954246667
0.75832	-0.13507404518095533774
0.75894	-0.13529799119083207870
0.75956	-0.13552213554545922136
0.76018	-0.13574647831136132936
0.76079	-0.13597101955529744544
0.76141	-0.13619575934426109143
0.76203	-0.13642069774548559735
0.76265	-0.13664583482644587775
0.76327	-0.13687117065485665535
0.76389	-0.13709670529868134281
0.76451	-0.13732243882612316099
0.76513	-0.13754837130564112613
0.76575	-0.13777450280593761534
0.76637	-0.13800083339597257748
0.76698	-0.13822736314495642773
0.76760	-0.13845409212235537666
0.76822	-0.13868102039789675928
0.76884	-0.13890814804156370599
0.76946	-0.13913547512360757707
0.77008	-0.13936300171453552821
0.77070	-0.13959072788512472130
0.77132	-0.13981865370642410085
0.77194	-0.14004677924974551217
0.77256	-0.14027510458667791227
0.77317	-0.14050362978908204070
0.77379	-0.14073235492909397237
0.77441	-0.14096128007913044655
0.77503	-0.14119040531188886689
0.77565	-0.14141973070034374871
0.77627	-0.14164925631775915349
0.77689	-0.14187898223768691253
0.77751	-0.14210890853396129785
0.77813	-0.14233903528071145672
0.77875	-0.14256936255235963529
0.77937	-0.14279989042361940221
0.77998	-0.14303061896950808318
0.78060	-0.14326154826533610276
0.78122	-0.14349267838671941888
0.78184	-0.14372400940957241744
0.78246	-0.14395554141012034677
0.78308	-0.14418727446489398858
0.78370	-0.14441920865073676339
0.78432	-0.14465134404479940144
0.78494	-0.14488368072455237723
0.78556	-0.14511621876777880402
0.78617	-0.14534895825258509205
0.78679	-0.14558189925739384307
0.78741	-0.14581504186095628484
0.78803	-0.14604838614234516569
0.78865	-0.14628193218096008366
0.78927	-0.14651568005653814453
0.78989	-0.14674962984913975106
0.79051	-0.14698378163916636652
0.79113	-0.14721813550735340925
0.79175	-0.14745269153477558177
0.79236	-0.14768744980285219981
0.79298	-0.14792241039334186326
0.79360	-0.14815757338835311430
0.79422	-0.14839293887033910835
0.79484	-0.14862850692210827219
0.79546	-0.14886427762681897491
0.79608	-0.14910025106798663330
0.79670	-0.14933642732948193554
0.79732	-0.14957280649553972296
0.79794	-0.14980938865075366095
0.79856	-0.15004617388008512080
0.79917	-0.15028316226885785056
0.79979	-0.15052035390277218596
0.80041	-0.15075774886789616858
0.80103	-0.15099534725067087493
0.80165	-0.15123314913791929825
0.80227	-0.15147115461683569038
0.80289	-0.15170936377500510162
0.80351	-0.15194777670038916995
0.80413	-0.15218639348134033185
0.80475	-0.15242521420659649323
0.80536	-0.15266423896528991122
0.80598	-0.15290346784694541782
0.80660	-0.15314290094148219623
0.80722	-0.15338253833922088631
0.80784	-0.15362238013088003186
0.80846	-0.15386242640758496236
0.80908	-0.15410267726086601670
0.80970	-0.15434313278265854308
0.81032	-0.15458379306531355724
0.81094	-0.15482465820159418968
0.81155	-0.15506572828467568570
0.81217	-0.15530700340815783989
0.81279	-0.15554848366605611432
0.81341	-0.15579016915281407307
0.81403	-0.15603205996329450045
0.81465	-0.15627415619279716452
0.81527	-0.15651645793704460630
0.81589	-0.15675896529219812692
0.81651	-0.15700167835485245860
0.81713	-0.15724459722204287004
0.81775	-0.15748772199124339011
0.81836	-0.15773105276037391320
0.81898	-0.15797458962780019931
0.81960	-0.15821833269233387398
0.82022	-0.15846228205323953375
0.82084	-0.15870643781023829888
0.82146	-0.15895080006350426061
0.82208	-0.15919536891367336295
0.82270	-0.15944014446183985001
0.82332	-0.15968512680956337135
0.82394	-0.15993031605887075841
0.82455	-0.16017571231226135353
0.82517	-0.16042131567269990455
0.82579	-0.16066712624363077566
0.82641	-0.16091314412897439468
0.82703	-0.16115936943312902940
0.82765	-0.16140580226097789307
0.82827	-0.16165244271788736796
0.82889	-0.16189929090971233450
0.82951	-0.16214634694279972393
0.83013	-0.16239361092398674202
0.83075	-0.16264108296060619807
0.83136	-0.16288876316049005766
0.83198	-0.16313665163197299535
0.83260	-0.16338474848388884197
0.83322	-0.16363305382558301915
0.83384	-0.16388156776690365746
0.83446	-0.16413029041821403098
0.83508	-0.16437922189039255727
0.83570	-0.16462836229483279737
0.83632	-0.16487771174344700853
0.83694	-0.16512727034867147324
0.83755	-0.16537703822346649929
0.83817	-0.16562701548131997242
0.83879	-0.16587720223625090910
0.83941	-0.16612759860280768009
0.84003	-0.16637820469607866869
0.84065	-0.16662902063169049427
0.84127	-0.16688004652580623599
0.84189	-0.16713128249513964363
0.84251	-0.16738272865694270308
0.84313	-0.16763438512902339994
0.84374	-0.16788625202974039041
0.84436	-0.16813832947800300133
0.84498	-0.16839061759328366463
0.84560	-0.16864311649560903561
0.84622	-0.16889582630557242737
0.84684	-0.16914874714433203451
0.84746	-0.16940187913361448580
0.84808	-0.16965522239571662055
0.84870	-0.16990877705350904137
0.84932	-0.17016254323043789043
0.84994	-0.17041652105053373134
0.85055	-0.17067071063840266731
0.85117	-0.17092511211923877568
0.85179	-0.17117972561882233151
0.85241	-0.17143455126352691309
0.85303	-0.17168958918031584915
0.85365	-0.17194483949674932433
0.85427	-0.17220030234098793187
0.85489	-0.17245597784179089729
0.85551	-0.17271186612852318376
0.85613	-0.17296796733115549216
0.85674	-0.17322428158026959011
0.85736	-0.17348080900706008833
0.85798	-0.17373754974333621703
0.85860	-0.17399450392152537859
0.85922	-0.17425167167467670026
0.85984	-0.17450905313645925787
0.86046	-0.17476664844117451025
0.86108	-0.17502445772375097022
0.86170	-0.17528248111974420453
0.86232	-0.17554071876535459751
0.86293	-0.17579917079741136376
0.86355	-0.17605783735339031182
0.86417	-0.17631671857140496229
0.86479	-0.17657581459022253512
0.86541	-0.17683512554925151505
0.86603	-0.17709465158855763889
0.86665	-0.17735439284886034272
0.86727	-0.17761434947153453834
0.86789	-0.17787452159861594225
0.86851	-0.17813490937280640480
0.86913	-0.17839551293747213379
0.86974	-0.17865633243664547081
0.87036	-0.17891736801503377308
0.87098	-0.17917861981802118976
0.87160	-0.17944008799166155654
0.87222	-0.17970177268269793558
0.87284	-0.17996367403855195732
0.87346	-0.18022579220732914962
0.87408	-0.18048812733782959583
0.87470	-0.18075067957954082942
0.87532	-0.18101344908264671574
0.87593	-0.18127643599802922836
0.87655	-0.18153964047726667275
0.87717	-0.18180306267264789710
0.87779	-0.18206670273716163422
0.87841	-0.18233056082450715962
0.87903	-0.18259463708909784430
0.87965	-0.18285893168605937831
0.88027	-0.18312344477123509989
0.88089	-0.18338817650119310088
0.88151	-0.18365312703321912124
0.88212	-0.18391829652533076001
0.88274	-0.18418368513626859340
0.88336	-0.18444929302551038575
0.88398	-0.18471512035326931311
0.88460	-0.18498116728049218693
0.88522	-0.18524743396887011215
0.88584	-0.18551392058083848724
0.88646	-0.18578062727957878053
0.88708	-0.18604755422902030659
0.88770	-0.18631470159384555529
0.88832	-0.18658206953949729723
0.88893	-0.18684965823216792558
0.88955	-0.18711746783882077239
0.89017	-0.18738549852717589772
0.89079	-0.18765375046572430051
0.89141	-0.18792222382372969491
0.89203	-0.18819091877122318124
0.89265	-0.18845983547901390409
0.89327	-0.18872897411869438145
0.89389	-0.18899833486263339921
0.89451	-0.18926791788398844574
0.89512	-0.18953772335670393545
0.89574	-0.18980775145551476157
0.89636	-0.19007800235594984883
0.89698	-0.19034847623433570618
0.89760	-0.19061917326779642679
0.89822	-0.19089009363426434618
0.89884	-0.19116123751247116047
0.89946	-0.19143260508196036085
0.90008	-0.19170419652308900993
0.90070	-0.19197601201702596541
0.90132	-0.19224805174575898548
0.90193	-0.19252031589209650519
0.90255	-0.19279280463967118919
0.90317	-0.19306551817294348439
0.90379	-0.19333845667720161998
0.90441	-0.19361162033856693654
0.90503	-0.19388500934399743869
0.90565	-0.19415862388128957150
0.90627	-0.19443246413908354953
0.90689	-0.19470653030686158047
0.90751	-0.19498082257495319425
0.90812	-0.19525534113454412477
0.90874	-0.19553008617767098087
0.90936	-0.19580505789722479904
0.90998	-0.19608025648695992516
0.91060	-0.19635568214149579092
0.91122	-0.19663133505631158471
0.91184	-0.19690721542776401520
0.91246	-0.19718332345307487685
0.91308	-0.19745965933034526074
0.91370	-0.19773622325855377824
0.91431	-0.19801301543756189005
0.91493	-0.19829003606811568261
0.91555	-0.19856728535184586804
0.91617	-0.19884476349127488959
0.91679	-0.19912247068982580345
0.91741	-0.19940040715180806785
0.91803	-0.19967857308243885939
0.91865	-0.19995696868783774391
0.91927	-0.20023559417502667657
0.91989	-0.20051444975194065989
0.92051	-0.20079353562742596750
0.92112	-0.20107285201124724949
0.92174	-0.20135239911408397973
0.92236	-0.20163217714753756127
0.92298	-0.20191218632414198453
0.92360	-0.20219242685734784004
0.92422	-0.20247289896154896383
0.92484	-0.20275360285206289745
0.92546	-0.20303453874515575706
0.92608	-0.20331570685802446974
0.92670	-0.20359710740881808988
0.92731	-0.20387874061662714098
0.92793	-0.20416060670149605016
0.92855	-0.20444270588442137182
0.92917	-0.20472503838735889303
0.92979	-0.20500760443322185722
0.93041	-0.20529040424588629321
0.93103	-0.20557343805019634431
0.93165	-0.20585670607196782100
0.93227	-0.20614020853798287192
0.93289	-0.20642394567600774735
0.93350	-0.20670791771478214116
0.93412	-0.20699212488402984889
0.93474	-0.20727656741446409683
0.93536	-0.20756124553778043662
0.93598	-0.20784615948667273244
0.93660	-0.20813130949482783194
0.93722	-0.20841669579693089531
0.93784	-0.20870231862867250072
0.93846	-0.20898817822674331524
0.93908	-0.20927427482884652932
0.93970	-0.20956060867369608047
0.94031	-0.20984718000102375868
0.94093	-0.21013398905157565366
0.94155	-0.21042103606712103669
0.94217	-0.21070832129045591330
0.94279	-0.21099584496540657597
0.94341	-0.21128360733682427508
0.94403	-0.21157160865060298249
0.94465	-0.21185984915367050974
0.94527	-0.21214832909399738980
0.94589	-0.21243704872060220623
0.94650	-0.21272600828354804037
0.94712	-0.21301520803395135317
0.94774	-0.21330464822398553792
0.94836	-0.21359432910688269658
0.94898	-0.21388425093693363976
0.94960	-0.21417441396949854493
0.95022	-0.21446481846100340363
0.95084	-0.21475546466894890330
0.95146	-0.21504635285191042726
0.95208	-0.21533748326954160746
0.95269	-0.21562885618257965348
0.95331	-0.21592047185284890531
0.95393	-0.21621233054326083334
0.95455	-0.21650443251782114373
0.95517	-0.21679677804163155486
0.95579	-0.21708936738089334995
0.95641	-0.21738220080291270619
0.95703	-0.21767527857609891839
0.95765	-0.21796860096997505707
0.95827	-0.21826216825517796849
0.95889	-0.21855598070346005102
0.95950	-0.21885003858769280782
0.96012	-0.21914434218187572867
0.96074	-0.21943889176113451356
0.96136	-0.21973368760172640179
0.96198	-0.22002872998104194835
0.96260	-0.22032401917761212928
0.96322	-0.22061955547111011811
0.96384	-0.22091533914235306213
0.96446	-0.22121137047330563519
0.96508	-0.22150764974709069577
0.96569	-0.22180417724798218160
0.96631	-0.22210095326141576777
0.96693	-0.22239797807399064311
0.96755	-0.22269525197347306289
0.96817	-0.22299277524879990153
0.96879	-0.22329054819008220534
0.96941	-0.22358857108860874519
0.97003	-0.22388684423685134561
0.97065	-0.22418536792846310846
0.97127	-0.22448414245829084734
0.97189	-0.22478316812237331135
0.97250	-0.22508244521793940862
0.97312	-0.22538197404342596997
0.97374	-0.22568175489846886705
0.97436	-0.22598178808391367056
0.97498	-0.22628207390181209746
0.97560	-0.22658261265543799823
0.97622	-0.22688340464927669871
0.97684	-0.22718445018904098731
0.97746	-0.22748574958166400961
0.97808	-0.22778730313531525553
0.97869	-0.22808911115939167757
0.97931	-0.22839117396453012532
0.97993	-0.22869349186260912177
0.98055	-0.22899606516674886336
0.98117	-0.22929889419132010175
0.98179	-0.22960197925194769653
0.98241	-0.22990532066550883883
0.98303	-0.23020891875014015682
0.98365	-0.23051277382524837378
0.98427	-0.23081688621149965002
0.98488	-0.23112125623083734638
0.98550	-0.23142588420647669523
0.98612	-0.23173077046291368219
0.98674	-0.23203591532592504620
0.98736	-0.23234131912257893759
0.98798	-0.23264698218122781270
0.98860	-0.23295290483152442107
0.98922	-0.23325908740441470002
0.98984	-0.23356553023215198550
0.99046	-0.23387223364829168304
0.99108	-0.23417919798770192585
0.99169	-0.23448642358656357487
0.99231	-0.23479391078237554780
0.99293	-0.23510165991395837182
0.99355	-0.23540967132145951268
0.99417	-0.23571794534635692742
0.99479	-0.23602648233145906431
0.99541	-0.23633528262091374472
0.99603	-0.23664434656021349213
0.99665	-0.23695367449619020306
0.99727	-0.23726326677703113432
0.99788	-0.23757312375227357393
0.99850	-0.23788324577281549921
0.99912	-0.23819363319091557685
0.99974	-0.23850428636019316286
1.00036	-0.23881520563564606618
1.00098	-0.23912639137363989050
1.00160	-0.23943784393191869242
1.00222	-0.23974956366960853416
1.00284	-0.24006155094722458898
1.00346	-0.24037380612666581214
1.00407	-0.24068632957123092808
1.00469	-0.24099912164561487771
1.00531	-0.24131218271591059477
1.00593	-0.24162551314962499305
1.00655	-0.24193911331566830825
1.00717	-0.24225298358436830881
1.00779	-0.24256712432747207231
1.00841	-0.24288153591814598542
1.00903	-0.24319621873098817844
1.00965	-0.24351117314202141984
1.01027	-0.24382639952870910349
1.01088	-0.24414189826994991961
1.01150	-0.24445766974608673650
1.01212	-0.24477371433891192964
1.01274	-0.24509003243166560537
1.01336	-0.24540662440904803532
1.01398	-0.24572349065721432737
1.01460	-0.24604063156378686017
1.01522	-0.24635804751785528310
1.01584	-0.24667573890998184538
1.01646	-0.24699370613220494874
1.01707	-0.24731194957804447654
1.01769	-0.24763046964250357007
1.01831	-0.24794926672207573404
1.01893	-0.24826834121474661288
1.01955	-0.24858769352000109620
1.02017	-0.24890732403882331880
1.02079	-0.24922723317370731877
1.02141	-0.24954742132864993209
1.02203	-0.24986788890917033257
1.02265	-0.25018863632229937366
1.02326	-0.25050966397659735208
1.02388	-0.25083097228214512597
1.02450	-0.25115256165055654947
1.02512	-0.25147443249498557805
1.02574	-0.25179658523011738680
1.02636	-0.25211902027218791034
1.02698	-0.25244173803897851371
1.02760	-0.25276473894982132151
1.02822	-0.25308802342560632326
1.02884	-0.25341159188878670250
1.02946	-0.25373544476337528408
1.03007	-0.25405958247495696867
1.03069	-0.25438400545069228542
1.03131	-0.25470871411931561568
1.03193	-0.25503370891114585106
1.03255	-0.25535899025808461715
1.03317	-0.25568455859362870797
1.03379	-0.25601041435286475689
1.03441	-0.25633655797248167119
1.03503	-0.25666298989076885562
1.03565	-0.25698971054762687061
1.03626	-0.25731672038456032681
1.03688	-0.25764401984469920137
1.03750	-0.25797160937278462711
1.03812	-0.25829948941518843242
1.03874	-0.25862766041990781218
1.03936	-0.25895612283657065689
1.03998	-0.25928487711644621072
1.04060	-0.25961392371244151889
1.04122	-0.25994326307910853302
1.04184	-0.26027289567265299297
1.04246	-0.26060282195092732138
1.04307	-0.26093304237344838725
1.04369	-0.26126355740139217687
1.04431	-0.26159436749759734653
1.04493	-0.26192547312658120973
1.04555	-0.26225687475452730268
1.04617	-0.26258857284930314790
1.04679	-0.26292056788045670146
1.04741	-0.26325286031922345842
1.04803	-0.26358545063853000556
1.04865	-0.26391833931299935045
1.04926	-0.26425152681895269779
1.04988	-0.26458501363441300214
1.05050	-0.26491880023911562603
1.05112	-0.26525288711450301093
1.05174	-0.26558727474373711175
1.05236	-0.26592196361169584407
1.05298	-0.26625695420498551869
1.05360	-0.26659224701193551255
1.05422	-0.26692784252261425593
1.05484	-0.26726374122881857431
1.05545	-0.26759994362408967561
1.05607	-0.26793645020371492649
1.05669	-0.26827326146472429969
1.05731	-0.26861037790590458485
1.05793	-0.26894780002779761219
1.05855	-0.26928552833270558153
1.05917	-0.26962356332469283871
1.05979	-0.26996190550959298093
1.06041	-0.27030055539501418593
1.06103	-0.27063951349033743554
1.06165	-0.27097878030672184479
1.06226	-0.27131835635711709642
1.06288	-0.27165824215625278271
1.06350	-0.27199843822065439269
1.06412	-0.27233894506863975948
1.06474	-0.27267976322032971837
1.06536	-0.27302089319764633046
1.06598	-0.27336233552431288274
1.06660	-0.27370409072587165156
1.06722	-0.27404615932967502090
1.06784	-0.27438854186489081144
1.06845	-0.27473123886251293868
1.06907	-0.27507425085535786025
1.06969	-0.27541757837806990494
1.07031	-0.27576122196713015455
1.07093	-0.27610518216084933840
1.07155	-0.27644945949938382057
1.07217	-0.27679405452473027083
1.07279	-0.27713896778073277005
1.07341	-0.27748419981308636295
1.07403	-0.27782975116933705806
1.07464	-0.27817562239889070952
1.07526	-0.27852181405301479344
1.07588	-0.27886832668483840791
1.07650	-0.27921516084935937840
1.07712	-0.27956231710344425778
1.07774	-0.27990979600583720810
1.07836	-0.28025759811715822423
1.07898	-0.28060572399990668657
1.07960	-0.28095417421846846651
1.08022	-0.28130294933911592636
1.08084	-0.28165204993000791944
1.08145	-0.28200147656120222450
1.08207	-0.28235122980465021669
1.08269	-0.28270131023420574934
1.08331	-0.28305171842561982487
1.08393	-0.28340245495655480568
1.08455	-0.28375352040657908503
1.08517	-0.28410491535717241618
1.08579	-0.28445664039173124138
1.08641	-0.28480869609556691557
1.08703	-0.28516108305591281180
1.08764	-0.28551380186192432120
1.08826	-0.28586685310468240573
1.08888	-0.28622023737719715086
1.08950	-0.28657395527440954197
1.09012	-0.28692800739319501702
1.09074	-0.28728239433236524292
1.09136	-0.28763711669266811555
1.09198	-0.28799217507679841788
1.09260	-0.28834757008938893819
1.09322	-0.28870330233702112821
1.09383	-0.28905937242822687949
1.09445	-0.28941578097348852339
1.09507	-0.28977252858523705470
1.09569	-0.29012961587786634254
1.09631	-0.29048704346772247220
1.09693	-0.29084481197311262690
1.09755	-0.29120292201430686418
1.09817	-0.29156137421353989225
1.09879	-0.29192016919500751726
1.09941	-0.29227930758488085417
1.10003	-0.29263879001129566859
1.10064	-0.29299861710435948225
1.10126	-0.29335878949615512568
1.10188	-0.29371930782073896182
1.10250	-0.29408017271414443883
1.10312	-0.29444138481438386634
1.10374	-0.29480294476144841553
1.10436	-0.29516485319730989545
1.10498	-0.29552711076592785844
1.10560	-0.29588971811323894201
1.10622	-0.29625267588717107969
1.10683	-0.29661598473763461925
1.10745	-0.29697964531652942810
1.10807	-0.29734365827774489333
1.10869	-0.29770802427716169802
1.10931	-0.29807274397264649224
1.10993	-0.29843781802406610382
1.11055	-0.29880324709327155119
1.11117	-0.29916903184411403060
1.11179	-0.29953517294243603430
1.11241	-0.29990167105607490328
1.11303	-0.30026852685486460359
1.11364	-0.30063574101063750277
1.11426	-0.30100331419721548798
1.11488	-0.30137124709042595327
1.11550	-0.30173954036808758872
1.11612	-0.30210819471002103853
1.11674	-0.30247721079803824296
1.11736	-0.30284658931595664910
1.11798	-0.30321633094958500010
1.11860	-0.30358643638673221687
1.11922	-0.30395690631720739816
1.11983	-0.30432774143281093870
1.12045	-0.30469894242734518741
1.12107	-0.30507050999660734192
1.12169	-0.30544244483838944859
1.12231	-0.30581474765248017889
1.12293	-0.30618741914066305299
1.12355	-0.30656046000671466345
1.12417	-0.30693387095640467521
1.12479	-0.30730765269749760193
1.12541	-0.30768180593974570058
1.12602	-0.30805633139489607686
1.12664	-0.30843122977667825069
1.12726	-0.30880650180081303802
1.12788	-0.30918214818501077445
1.12850	-0.30955816964896065713
1.12912	-0.30993456691433962646
1.12974	-0.31031134070480170806
1.13036	-0.31068849174598689444
1.13098	-0.31106602076550871061
1.13160	-0.31144392849295599035
1.13222	-0.31182221565989642897
1.13283	-0.31220088299986414881
1.13345	-0.31257993124836680465
1.13407	-0.31295936114287670193
1.13469	-0.31333917342283079677
1.13531	-0.31371936882963247228
1.13593	-0.31409994810663910414
1.13655	-0.31448091199916738958
1.13717	-0.31486226125448801838
1.13779	-0.31524399662182034376
1.13841	-0.31562611885233415876
1.13902	-0.31600862869914081443
1.13964	-0.31639152691729499622
1.14026	-0.31677481426378939489
1.14088	-0.31715849149754760106
1.14150	-0.31754255937942410526
1.14212	-0.31792701867220429790
1.14274	-0.31831187014059203477
1.14336	-0.31869711455120786070
1.14398	-0.31908275267259256225
1.14460	-0.31946878527519118052
1.14521	-0.31985521313135656385
1.14583	-0.32024203701534403876
1.14645	-0.32062925770330252817
1.14707	-0.32101687597327455137
1.14769	-0.32140489260518556591
1.14831	-0.32179330838084929667
1.14893	-0.32218212408394819590
1.14955	-0.32257134050004054870
1.15017	-0.32296095841654803849
1.15079	-0.32335097862275397063
1.15141	-0.32374140190979083798
1.15202	-0.32413222907064742628
1.15264	-0.32452346090014749791
1.15326	-0.32491509819495334455
1.15388	-0.32530714175355690543
1.15450	-0.32569959237627621462
1.15512	-0.32609245086523941382
1.15574	-0.32648571802439008138
1.15636	-0.32687939465947479789
1.15698	-0.32727348157803071160
1.15760	-0.32766797958939086755
1.15821	-0.32806288950466289123
1.15883	-0.32845821213673431771
1.15945	-0.32885394830025660440
1.16007	-0.32925009881163802561
1.16069	-0.32964666448903834350
1.16131	-0.33004364615236170266
1.16193	-0.33044104462324241922
1.16255	-0.33083886072504675724
1.16317	-0.33123709528285161241
1.16379	-0.33163574912344451207
1.16440	-0.33203482307531473339
1.16502	-0.33243431796863731620
1.16564	-0.33283423463527128661
1.16626	-0.33323457390874722250
1.16688	-0.33363533662425837178
1.16750	-0.33403652361864644149
1.16812	-0.33443813573039982145
1.16874	-0.33484017379963582073
1.16936	-0.33524263866809533852
1.16998	-0.33564553117913042968
1.17060	-0.33604885217769364658
1.17121	-0.33645260251032560461
1.17183	-0.33685678302514787674
1.17245	-0.33726139457185055903
1.17307	-0.33766643800167628342
1.17369	-0.33807191416741488865
1.17431	-0.33847782392339098578
1.17493	-0.33888416812544441825
1.17555	-0.33929094763092848552
1.17617	-0.33969816329869040317
1.17679	-0.34010581598906419742
1.17740	-0.34051390656384938893
1.17802	-0.34092243588631276907
1.17864	-0.34133140482115464920
1.17926	-0.34174081423451774242
1.17988	-0.34215066499395518917
1.18050	-0.34256095796842878087
1.18112	-0.34297169402829119633
1.18174	-0.34338287404526646185
1.18236	-0.34379449889244639849
1.18298	-0.34420656944426752943
1.18359	-0.34461908657650042187
1.18421	-0.34503205116622837068
1.18483	-0.34544546409184562208
1.18545	-0.34585932623302539923
1.18607	-0.34627363847071634950
1.18669	-0.34668840168712300454
1.18731	-0.34710361676568624034
1.18793	-0.34751928459107439551
1.18855	-0.34793540604915662584
1.18917	-0.34835198202699579895
1.18979	-0.34876901341282895430
1.19040	-0.34918650109604421061
1.19102	-0.34960444596717188404
1.19164	-0.35002284891785961918
1.19226	-0.35044171084085995460
1.19288	-0.35086103263000900654
1.19350	-0.35128081518020692897
1.19412	-0.35170105938740547913
1.19474	-0.35212176614857959578
1.19536	-0.35254293636171851745
1.19598	-0.35296457092579558434
1.19659	-0.35338667074076290930
1.19721	-0.35380923670751585064
1.19783	-0.35423226972788057765
1.19845	-0.35465577070459808340
1.19907	-0.35507974054129398667
1.19969	-0.35550418014246609744
1.20031	-0.35592909041345599519
1.20093	-0.35635447226043304170
1.20155	-0.35678032659037128838
1.20217	-0.35720665431102816001
1.20279	-0.35763345633091603304
1.20340	-0.35806073355929157742
1.20402	-0.35848848690612200585
1.20464	-0.35891671728207086289
1.20526	-0.35934542559846427423
1.20588	-0.35977461276727851214
1.20650	-0.36020427970110979743
1.20712	-0.36063442731315298317
1.20774	-0.36106505651717313299
1.20836	-0.36149616822748242839
1.20898	-0.36192776335892418160
1.20959	-0.36235984282682842661
1.21021	-0.36279240754700836646
1.21083	-0.36322545843571596436
1.21145	-0.36365899640962950912
1.21207	-0.36409302238581631173
1.21269	-0.36452753728171671810
1.21331	-0.36496254201510680559
1.21393	-0.36539803750407706673
1.21455	-0.36583402466700754019
1.21517	-0.36627050442253050733
1.21578	-0.36670747768950917589
1.21640	-0.36714494538701103465
1.21702	-0.36758290843427054995
1.21764	-0.36802136775066962571
1.21826	-0.36846032425570207636
1.21888	-0.36889977886894520509
1.21950	-0.36933973251003138216
1.22012	-0.36978018609861074140
1.22074	-0.37022114055433519297
1.22136	-0.37066259679681046180
1.22198	-0.37110455574557477121
1.22259	-0.37154701832006509221
1.22321	-0.37198998543958339269
1.22383	-0.37243345802326821570
1.22445	-0.37287743699005737597
1.22507	-0.37332192325865420912
1.22569	-0.37376691774750092634
1.22631	-0.37421242137473953449
1.22693	-0.37465843505817453263
1.22755	-0.37510495971524981940
1.22817	-0.37555199626300250770
1.22878	-0.37599954561802917397
1.22940	-0.37644760869646098911
1.23002	-0.37689618641391220422
1.23064	-0.37734527968545705789
1.23126	-0.37779488942558536735
1.23188	-0.37824501654816700125
1.23250	-0.37869566196641990530
1.23312	-0.37914682659286214061
1.23374	-0.37959851133928523836
1.23436	-0.38005071711670623813
1.23497	-0.38050344483533393714
1.23559	-0.38095669540452981039
1.23621	-0.38141046973276537813
1.23683	-0.38186476872758667866
1.23745	-0.38231959329556808314
1.23807	-0.38277494434227499198
1.23869	-0.38323082277222475511
1.23931	-0.38368722948883871027
1.23993	-0.38414416539441020859
1.24055	-0.38460163139004954758
1.24117	-0.38505962837565199663
1.24178	-0.38551815724984805911
1.24240	-0.38597721890996616878
1.24302	-0.38643681425197939916
1.24364	-0.38689694417047171271
1.24426	-0.38735760955858467014
1.24488	-0.38781881130797479784
1.24550	-0.38828055030877095533
1.24612	-0.38874282744952459723
1.24674	-0.38920564361716358803
1.24736	-0.38966899969694779315
1.24797	-0.39013289657241934094
1.24859	-0.39059733512535288469
1.24921	-0.39106231623571119371
1.24983	-0.39152784078159896808
1.25045	-0.39199390963920066611
1.25107	-0.39246052368274852995
1.25169	-0.39292768378446041311
1.25231	-0.39339539081448826607
1.25293	-0.39386364564087905649
1.25355	-0.39433244912951082028
1.25416	-0.39480180214404470007
1.25478	-0.39527170554587698348
1.25540	-0.39574216019407870704
1.25602	-0.39621316694534947089
1.25664	-0.39668472665395526633
1.25726	-0.39715684017168406683
1.25788	-0.39762950834778365561
1.25850	-0.39810273202890655853
1.25912	-0.39857651205906030611
1.25974	-0.39905084927954348473
1.26036	-0.39952574452889422219
1.26097	-0.40000119864282801529
1.26159	-0.40047721245418621550
1.26221	-0.40095378679287208001
1.26283	-0.40143092248579570480
1.26345	-0.40190862035681007569
1.26407	-0.40238688122665777769
1.26469	-0.40286570591290349341
1.26531	-0.40334509522987715968
1.26593	-0.40382504998861001866
1.26655	-0.40430557099677777444
1.26716	-0.40478665905863131513
1.26778	-0.40526831497493454037
1.26840	-0.40575053954290574154
1.26902	-0.40623333355614832385
1.26964	-0.40671669780458863386
1.27026	-0.40720063307440845790
1.27088	-0.40768514014797929690
1.27150	-0.40817021980379664114
1.27212	-0.40865587281641424511
1.27274	-0.40914209995637484951
1.27336	-0.40962890199013735071
1.27397	-0.41011627968001995725
1.27459	-0.41060423378411492479
1.27521	-0.41109276505623171261
1.27583	-0.41158187424581882397
1.27645	-0.41207156209789452816
1.27707	-0.41256182935297758263
1.27769	-0.41305267674700729685
1.27831	-0.41354410501128135991
1.27893	-0.41403611487236702260
1.27955	-0.41452870705204603041
1.28016	-0.41502188226721870024
1.28078	-0.41551564122984352423
1.28140	-0.41600998464685368106
1.28202	-0.41650491322008242889
1.28264	-0.41700042764618316937
1.28326	-0.41749652861655484060
1.28388	-0.41799321681725842836
1.28450	-0.41849049292893703011
1.28512	-0.41898835762674302430
1.28574	-0.41948681158024569982
1.28635	-0.41998585545335842539
1.28697	-0.42048548990425160810
1.28759	-0.42098571558526742820
1.28821	-0.42148653314284700855
1.28883	-0.42198794321742916225
1.28945	-0.42248994644337756199
1.29007	-0.42299254344888836954
1.29069	-0.42349573485590852329
1.29131	-0.42399952128004159135
1.29193	-0.42450390333046428282
1.29255	-0.42500888160983585351
1.29316	-0.42551445671420751182
1.29378	-0.42602062923293360086
1.29440	-0.42652739974857745153
1.29502	-0.42703476883681901199
1.29564	-0.42754273706636602981
1.29626	-0.42805130499885635231
1.29688	-0.42856047318876555607
1.29750	-0.42907024218330747090
1.29812	-0.42958061252234180927
1.29874	-0.43009158473827824309
1.29935	-0.43060315935597337500
1.29997	-0.43111533689263481506
1.30059	-0.43162811785772348117
1.30121	-0.43214150275285057035
1.30183	-0.43265549207167453005
1.30245	-0.43317008629980335854
1.30307	-0.43368528591468802347
1.30369	-0.43420109138552120953
1.30431	-0.43471750317312718437
1.30493	-0.43523452172986409892
1.30554	-0.43575214749950852422
1.30616	-0.43627038091715597545
1.30678	-0.43678922240910544872
1.30740	-0.43730867239275461600
1.30802	-0.43782873127648613831
1.30864	-0.43834939945956108431
1.30926	-0.43887067733199813802
1.30988	-0.43939256527446879375
1.31050	-0.43991506365818189295
1.31112	-0.44043817284475927920
1.31174	-0.44096189318613276953
1.31235	-0.44148622502441625670
1.31297	-0.44201116869179379876
1.31359	-0.44253672451039527402
1.31421	-0.44306289279218091792
1.31483	-0.44358967383881520163
1.31545	-0.44411706794154781619
1.31607	-0.44464507538108932749
1.31669	-0.44517369642748505498
1.31731	-0.44570293133999072666
1.31793	-0.44623278036694102866
1.31854	-0.44676324374563236574
1.31916	-0.44729432170218075271
1.31978	-0.44782601445140279850
1.32040	-0.44835832219667537402
1.32102	-0.44889124512980771442
1.32164	-0.44942478343090819237
1.32226	-0.44995893726824576220
1.32288	-0.45049370679812028584
1.32350	-0.45102909216471331888
1.32412	-0.45156509349996731828
1.32473	-0.45210171092342577026
1.32535	-0.45263894454211062168
1.32597	-0.45317679445036773700
1.32659	-0.45371526072972478971
1.32721	-0.45425434344875448289
1.32783	-0.45479404266291822978
1.32845	-0.45533435841442759795
1.32907	-0.45587529073208443720
1.32969	-0.45641683963114765277
1.33031	-0.45695900511316089876
1.33093	-0.45750178716581935134
1.33154	-0.45804518576280273123
1.33216	-0.45858920086362431334
1.33278	-0.45913383241347460739
1.33340	-0.45967908034306326215
1.33402	-0.46022494456845386424
1.33464	-0.46077142499090939509
1.33526	-0.46131852149672525343
1.33588	-0.46186623395707293582
1.33650	-0.46241456222781707197
1.33712	-0.46296350614937153978
1.33773	-0.46351306554650584246
1.33835	-0.46406324022819944730
1.33897	-0.46461402998744816273
1.33959	-0.46516543460110781893
1.34021	-0.46571745382970597404
1.34083	-0.46627008741727671293
1.34145	-0.46682333509117057702
1.34207	-0.46737719656188758677
1.34269	-0.46793167152288539512
1.34331	-0.46848675965039987545
1.34393	-0.46904246060326038048
1.34454	-0.46959877402270144842
1.34516	-0.47015569953218161459
1.34578	-0.47071323673717735403
1.34640	-0.47127138522501077489
1.34702	-0.47183014456464178465
1.34764	-0.47238951430647446728
1.34826	-0.47294949398216878933
1.34888	-0.47351008310442921356
1.34950	-0.47407128116681285235
1.35012	-0.47463308764352163394
1.35073	-0.47519550198919624506
1.35135	-0.47575852363871717898
1.35197	-0.47632215200698446722
1.35259	-0.47688638648871695125
1.35321	-0.47745122645823556695
1.35383	-0.47801667126924662909
1.35445	-0.47858272025462511579
1.35507	-0.47914937272620150566
1.35569	-0.47971662797453440419
1.35631	-0.48028448526869027546
1.35692	-0.48085294385601606848
1.35754	-0.48142200296191717257
1.35816	-0.48199166178961938556
1.35878	-0.48256191951994331646
1.35940	-0.48313277531107168272
1.36002	-0.48370422829830417299
1.36064	-0.48427627759382829709
1.36126	-0.48484892228647424872
1.36188	-0.48542216144147332102
1.36250	-0.48599599410020921653
1.36312	-0.48657041927997113362
1.36373	-0.48714543597370507655
1.36435	-0.48772104314976161277
1.36497	-0.48829723975163830119
1.36559	-0.48887402469771856772
1.36621	-0.48945139688101946263
1.36683	-0.49002935516892520695
1.36745	-0.49060789840291363362
1.36807	-0.49118702539830572107
1.36869	-0.49176673494397249442
1.36931	-0.49234702580208455913
1.36992	-0.49292789670781544942
1.37054	-0.49350934636907695108
1.37116	-0.49409137346622955533
1.37178	-0.49467397665180357080
1.37240	-0.49525715455020602462
1.37302	-0.49584090575743289264
1.37364	-0.49642522884077955325
1.37426	-0.49701012233853525402
1.37488	-0.49759558475969889457
1.37550	-0.49818161458365928240
1.37611	-0.49876821025990558667
1.37673	-0.49935537020770937033
1.37735	-0.49994309281581728044
1.37797	-0.50053137644213485657
1.37859	-0.50112021941341566844
1.37921	-0.50170962002492558440
1.37983	-0.50229957654013368540
1.38045	-0.50289008719038008621
1.38107	-0.50348115017454198039
1.38169	-0.50407276365870323787
1.38231	-0.50466492577581334444
1.38292	-0.50525763462535344672
1.38354	-0.50585088827298108072
1.38416	-0.50644468475019444043
1.38478	-0.50703902205397177738
1.38540	-0.50763389814641968201
1.38602	-0.50822931095441425953
1.38664	-0.50882525836924052953
1.38726	-0.50942173824622294376
1.38788	-0.51001874840435412750
1.38850	-0.51061628662592895012
1.38911	-0.51121435065615727922
1.38973	-0.51181293820278916940
1.39035	-0.51241204693572406370
1.39097	-0.51301167448662887693
1.39159	-0.51361181844853653899
1.39221	-0.51421247637544986731
1.39283	-0.51481364578194721560
1.39345	-0.51541532414276325369
1.39407	-0.51601750889239106357
1.39469	-0.51662019742465936645
1.39530	-0.51722338709232218434
1.39592	-0.51782707520662185630
1.39654	-0.51843125903687692357
1.39716	-0.51903593581003981683
1.39778	-0.51964110271026164867
1.39840	-0.52024675687845345351
1.39902	-0.52085289541183854567
1.39964	-0.52145951536350310107
1.40026	-0.52206661374193430447
1.40088	-0.52267418751057270754
1.40150	-0.52328223358733616521
1.40211	-0.52389074884414910116
1.40273	-0.52449973010647710225
1.40335	-0.52510917415284019683
1.40397	-0.52571907771432435652
1.40459	-0.52632943747410010360
1.40521	-0.52694025006691802560
1.40583	-0.52755151207861139540
1.40645	-0.52816322004559523862
1.40707	-0.52877537045434408469
1.40769	-0.52938795974088215246
1.40830	-0.53000098429025754854
1.40892	-0.53061444043601646570
1.40954	-0.53122832445966849946
1.41016	-0.53184263259014485925
1.41078	-0.53245736100325302687
1.41140	-0.53307250582112963855
1.41202	-0.53368806311167915624
1.41264	-0.53430402888800720973
1.41326	-0.53492039910786282064
1.41388	-0.53553716967305220464
1.41450	-0.53615433642885967913
1.41511	-0.53677189516345968912
1.41573	-0.53738984160732705675
1.41635	-0.53800817143262946729
1.41697	-0.53862688025262350777
1.41759	-0.53924596362104182390
1.41821	-0.53986541703146784243
1.41883	-0.54048523591671404631
1.41945	-0.54110541564818781524
1.42007	-0.54172595153524305545
1.42069	-0.54234683882454248760
1.42130	-0.54296807269939506568
1.42192	-0.54358964827909517226
1.42254	-0.54421156061825826100
1.42316	-0.54483380470614051205
1.42378	-0.54545637546595138190
1.42440	-0.54607926775416792964
1.42502	-0.54670247635983315604
1.42564	-0.54732599600385256622
1.42626	-0.54794982133827119242
1.42688	-0.54857394694556482762
1.42749	-0.54919836733789750838
1.42811	-0.54982307695638787948
1.42873	-0.55044807017036667673
1.42935	-0.55107334127661999901
1.42997	-0.55169888449862014568
1.43059	-0.55232469398576888864
1.43121	-0.55295076381260344078
1.43183	-0.55357708797801663536
1.43245	-0.55420366040446289446
1.43307	-0.55483047493713932852
1.43369	-0.55545752534318992844
1.43430	-0.55608480531086890153
1.43492	-0.55671230844871288923
1.43554	-0.55734002828469897395
1.43616	-0.55796795826539735685
1.43678	-0.55859609175510627210
1.43740	-0.55922442203498512470
1.43802	-0.55985294230217341749
1.43864	-0.56048164566890967819
1.43926	-0.56111052516161841197
1.43988	-0.56173957372001837030
1.44049	-0.56236878419618818725
1.44111	-0.56299814935365333213
1.44173	-0.56362766186643220578
1.44235	-0.56425731431810000061
1.44297	-0.56488709920081880966
1.44359	-0.56551700891437306495
1.44421	-0.56614703576518898842
1.44483	-0.56677717196533983213
1.44545	-0.56740740963154046028
1.44607	-0.56803774078414193127
1.44668	-0.56866815734609765798
1.44730	-0.56929865114193667353
1.44792	-0.56992921389670136989
1.44854	-0.57055983723490300008
1.44916	-0.57119051267944342953
1.44978	-0.57182123165052622937
1.45040	-0.57245198546457665145
1.45102	-0.57308276533312074719
1.45164	-0.57371356236166981546
1.45226	-0.57434436754859241603
1.45288	-0.57497517178396684301
1.45349	-0.57560596584842294021
1.45411	-0.57623674041197681106
1.45473	-0.57686748603283888315
1.45535	-0.57749819315623263094
1.45597	-0.57812885211316888956
1.45659	-0.57875945311923793213
1.45721	-0.57938998627336246727
1.45783	-0.58002044155655418933
1.45845	-0.58065080883064723594
1.45907	-0.58128107783702454014
1.45968	-0.58191123819531931360
1.46030	-0.58254127940211830605
1.46092	-0.58317119082962953769
1.46154	-0.58380096172435891333
1.46216	-0.58443058120575308578
1.46278	-0.58506003826483876651
1.46340	-0.58568932176283539093
1.46402	-0.58631842042977488916
1.46464	-0.58694732286307171876
1.46526	-0.58757601752611066104
1.46587	-0.58820449274680264296
1.46649	-0.58883273671612279543
1.46711	-0.58946073748663785352
1.46773	-0.59008848297101579305
1.46835	-0.59071596094052125636
1.46897	-0.59134315902348788541
1.46959	-0.59197006470378177312
1.47021	-0.59259666531924537480
1.47083	-0.59322294806011299784
1.47145	-0.59384889996743162044
1.47207	-0.59447450793144440695
1.47268	-0.59509975868996356496
1.47330	-0.59572463882672543889
1.47392	-0.59634913476972961632
1.47454	-0.59697323278955138903
1.47516	-0.59759691899765066125
1.47578	-0.59822017934464000177
1.47640	-0.59884299961855980143
1.47702	-0.59946536544311257444
1.47764	-0.60008726227588482516
1.47826	-0.60070867540656003314
1.47887	-0.60132958995509433464
1.47949	-0.60194999086988154602
1.48011	-0.60256986292590219989
1.48073	-0.60318919072284238325
1.48135	-0.60380795868319481201
1.48197	-0.60442615105034214196
1.48259	-0.60504375188662429252
1.48321	-0.60566074507136669069
1.48383	-0.60627711429890673855
1.48445	-0.60689284307658297735
1.48507	-0.60750791472271714611
1.48568	-0.60812231236455716044
1.48630	-0.60873601893621476222
1.48692	-0.60934901717656408948
1.48754	-0.60996128962713491717
1.48816	-0.61057281862996148902
1.48878	-0.61118358632542779674
1.48940	-0.61179357465008266104
1.49002	-0.61240276533441750928
1.49064	-0.61301113990064592940
1.49126	-0.61361867966043348588
1.49187	-0.61422536571262043026
1.49249	-0.61483117894090533184
1.49311	-0.61543610001152160294
1.49373	-0.61604010937086606248
1.49435	-0.61664318724312217057
1.49497	-0.61724531362784595956
1.49559	-0.61784646829752531971
1.49621	-0.61844663079511796866
1.49683	-0.61904578043156099909
1.49745	-0.61964389628325200476
1.49806	-0.62024095718950178480
1.49868	-0.62083694174996040260
1.49930	-0.62143182832202015220
1.49992	-0.62202559501817766829
1.50054	-0.62261821970338360188
1.50116	-0.62320967999235143964
1.50178	-0.62379995324683967794
1.50240	-0.62438901657291090430
1.50302	-0.62497684681814824614
1.50364	-0.62556342056885583247
1.50426	-0.62614871414722195198
1.50487	-0.62673270360844668403
1.50549	-0.62731536473785354247
1.50611	-0.62789667304794782865
1.50673	-0.62847660377546610277
1.50735	-0.62905513187837591715
1.50797	-0.62963223203285423324
1.50859	-0.63020787863023208786
1.50921	-0.63078204577389307417
1.50983	-0.63135470727615938813
1.51045	-0.63192583665512813695
1.51106	-0.63249540713148100224
1.51168	-0.63306339162526015230
1.51230	-0.63362976275259974557
1.51292	-0.63419449282243611776
1.51354	-0.63475755383317356007
1.51416	-0.63531891746931812293
1.51478	-0.63587855509806878729
1.51540	-0.63643643776588731953
1.51602	-0.63699253619500773027
1.51664	-0.63754682077993507505
1.51725	-0.63809926158388208250
1.51787	-0.63864982833518624261
1.51849	-0.63919849042367893333
1.51911	-0.63974521689701724370
1.51973	-0.64028997645698026986
1.52035	-0.64083273745571922575
1.52097	-0.64137346789197025032
1.52159	-0.64191213540723701669
1.52221	-0.64244870728190939246
1.52283	-0.64298315043136788915
1.52345	-0.64351543140202416282
1.52406	-0.64404551636733486930
1.52468	-0.64457337112376578148
1.52530	-0.64509896108670794490
1.52592	-0.64562225128636541172
1.52654	-0.64614320636358790750
1.52716	-0.64666179056566086558
1.52778	-0.64717796774204927601
1.52840	-0.64769170134010423112
1.52902	-0.64820295440071795667
1.52964	-0.64871168955393265776
1.53025	-0.64921786901450140306
1.53087	-0.64972145457740992924
1.53149	-0.65022240761334337833
1.53211	-0.65072068906410862610
1.53273	-0.65121625943800687253
1.53335	-0.65170907880515827060
1.53397	-0.65219910679277859344
1.53459	-0.65268630258039905812
1.53521	-0.65317062489504884581
1.53583	-0.65365203200638077874
1.53644	-0.65413048172173482442
1.53706	-0.65460593138116607292
1.53768	-0.65507833785241942337
1.53830	-0.65554765752583321614
1.53892	-0.65601384630921444341
1.53954	-0.65647685962264468174
1.54016	-0.65693665239322918126
1.54078	-0.65739317904980865137
1.54140	-0.65784639351759821579
1.54202	-0.65829624921277130056
1.54264	-0.65874269903700621853
1.54325	-0.65918569537194571240
1.54387	-0.65962519007362985235
1.54449	-0.66006113446684366863
1.54511	-0.66049347933943280964
1.54573	-0.66092217493652682947
1.54635	-0.66134717095474115922
1.54697	-0.66176841653628315498
1.54759	-0.66218586026302261871
